0 0.5408538216195318 0.4703976249421995 0.15849531869266542 0.3941262155129753
0 0.6430390112164857 0.5827515400256333 0.1254282886384363 0.3486565852552504
0 0.5048855471244474 0.7317135832190854 0.1772544090517453 0.3966713613745322
0 0.4244834121750031 0.3362129754625979 0.1945328126425414 0.4131971200809595
0 0.3706372912707149 0.6122122314554916 0.21351916197861148 0.45480476594251656
0 0.19873904449216875 0.4649643379687839 0.29833049921443305 0.534226672319523
0 0.724021366504484 0.6752499785148156 0.11129306576579942 0.33541960085908257
0 0.7940207699970843 0.7593627069180895 0.08920898750696829 0.298335680687266
0 0.8222442013044187 0.3750220064431197 0.08435786104353511 0.2699650192218768
0 0.6124667638487643 0.8235005342598821 0.13960896330647135 0.3529989314802357
0 0.8553491554375079 0.8297438059681499 0.0781078610435351 0.2696374706013579
0 0.8774816680287356 0.4724193068726611 0.07648172852997774 0.2586180834462281
0 0.8874828610435351 0.3120550169585693 0.06862377673457942 0.2503961476705793
0 0.9332498789975159 0.3925547444573321 0.06069310206654457 0.22967421189493056
0 0.6659442043294809 0.35823954093014454 0.12062261397040128 0.3280984237898611
0 0.5753959515008105 0.2324372795101838 0.1458135115110732 0.3622211182719372