0 0.6984375 0.3421875 0.109375 0.29453125
0 0.62578125 0.39296875 0.08671875 0.27890625
0 0.80703125 0.5015625 0.1484375 0.33046875
0 0.7265625 0.78515625 0.1109375 0.28671875
0 0.64453125 0.80390625 0.09453125 0.25390625
0 0.58203125 0.8140625 0.07578125 0.2265625
0 0.53046875 0.82734375 0.05859375 0.19921875
0 0.4546875 0.83203125 0.0453125 0.171875
0 0.45234375 0.69296875 0.05078125 0.1734375
0 0.51484375 0.18203125 0.05703125 0.22265625
0 0.5625 0.27578125 0.0671875 0.234375
0 0.615625 0.21953125 0.078125 0.25625
0 0.7875 0.26484375 0.1359375 0.3296875
0 0.82421875 0.76875 0.14765625 0.3375
0 0.48046875 0.3796875 0.05 0.196875
0 0.4484375 0.42109375 0.0453125 0.1859375
0 0.4234375 0.70234375 0.0390625 0.1546875