0 0.4844984734019451 0.7600645469969258 0.21889938962701408 0.21528772721932726
0 0.34394555537392424 0.7247123456383143 0.21929943313000022 0.23247522721932726
0 0.5091685522397922 0.6126091936388812 0.23372560904180584 0.24859130054030487
0 0.3748798987450697 0.3768576881965857 0.2845997376509031 0.35497027531256153
0 0.19008993749840322 0.5202827620657176 0.256728004368403 0.29779269237293704
0 0.7724147410693755 0.6873736137792996 0.22998235999173638 0.22191967313564334
0 0.6935409393982642 0.48478183791858404 0.27071776918604196 0.29515876569391464
0 0.7396307701359724 0.28499265824433684 0.3079645024685419 0.3526637308475243
0 0.5787828826931599 0.2161459106065895 0.3263157653863198 0.4032639315731637
0 0.18205531268902803 0.3092361346610558 0.3135248246568753 0.3903274219545169
0 0.19329093873267417 0.6913492302145521 0.23067334422416685 0.25160717313564335
0 0.6114973844961117 0.7832342068857252 0.20280161094166688 0.1944295901960187
0 0.7285036997505909 0.813080452709374 0.20094817021222244 0.18187502649368775
0 0.8367344270491675 0.834814098170203 0.19927656743868088 0.17713296279135698
0 0.8839523063238548 0.7170288866447905 0.22507665444465283 0.2123809820286507
0 0.824973430564549 0.5307441570632104 0.2672654608654169 0.2809871382892529
0 0.8682519052524131 0.34738850924012865 0.26349618949517356 0.32640876569391464
0 0.9400678344405211 0.750543280291521 0.11986433111895778 0.19375497840045366
0 0.3637644800514588 0.5700620511732771 0.254838196047778 0.2836756286706061
0 0.6427811392457644 0.651622108337004 0.22725740349472243 0.23899804573098143
0 0.5402698158231601 0.43961812694132557 0.26635757750666683 0.309057574586922
0 0.9104874775829168 0.583182165500731 0.17902504483416629 0.24722720798203354