0 0.23100181528486585 0.36935526684702763 0.15379989871099795 0.3344236668924562
0 0.3140501252785025 0.42061122964646935 0.12701922270845262 0.3142815852552504
0 0.13043709926004882 0.5470088760738533 0.19962147605027042 0.380548394391219
0 0.24575991788673246 0.8422085114199607 0.15527149204327076 0.31558297716007855
0 0.3346951485519144 0.8592820253841127 0.13297832137172544 0.2814359492317745
0 0.4026275358848235 0.8700557089542545 0.10917719470081658 0.2571308265488231
0 0.45954969788355077 0.8824195901164906 0.08692038669636233 0.22317190637700657
0 0.5408451512174144 0.8827714721832376 0.06938744135899881 0.19258364767057934
0 0.5293002185710044 0.7328566813646347 0.07567380402608972 0.19603619629109836
0 0.41059095997772826 0.1856807089542545 0.0887919693666348 0.24981629353213636
0 0.3687296292966381 0.28980164292088095 0.10143742003499838 0.2629713907731744
0 0.30764722597072863 0.23187960029325577 0.11579082137172554 0.28870837516934217
0 0.12872224729472906 0.29129446460846403 0.18552261338317955 0.3766864099950512
0 0.13812923122218695 0.8200601944820761 0.19953056938254318 0.35987961103584787
0 0.4675387519494114 0.39738617084918504 0.07750902402927143 0.2195555834462281
0 0.5061285372772298 0.44005834972742885 0.07269425469445316 0.20837242198083886
0 0.5612496525700499 0.7415666180447945 0.06135676535645338 0.17342421189493057