0 0.40389864284859345 0.7565510566495777 0.20559208511458987 0.20266905585660827
0 0.2677852981005852 0.716100876300996 0.20296719028743926 0.21969278154634875
0 0.4550018047645028 0.6087819419956852 0.21592183135366608 0.2359728787873868
0 0.35993231182413177 0.36414555065668397 0.2564679264973857 0.34262567051050075
0 0.14763323713438328 0.5024212358665058 0.23447325455234652 0.2837486374938141
0 0.7076290481005852 0.6930496421319707 0.2151034774344577 0.20784787878738661
0 0.6637667024946472 0.4847325310961228 0.2500073263391013 0.2814425090451115
0 0.7460576799291051 0.283845060494765 0.2828031059642722 0.3362052521477065
0 0.5962371878466638 0.20511030811991576 0.29381481380268876 0.39294657507848507
0 0.17808056974169056 0.28708948496199466 0.283985172736462 0.3768302521477066
0 0.12071172129926566 0.6770051560383223 0.21137072367353413 0.24041471732199754
0 0.5286569504495832 0.7851153906616327 0.19093855172849494 0.18161957146044044
0 0.6415373836773934 0.8197626283371608 0.19057483887551357 0.16911957146044046
0 0.7468553694916285 0.8462255517883378 0.1888759465556454 0.1643501843053108
0 0.8157992492750841 0.7287237912728881 0.21170569279472176 0.1983091044771273
0 0.7894282805496079 0.535871227953048 0.24647314937949716 0.267216234734852
0 0.8697248489711503 0.34990939450681996 0.2462745725781776 0.3140093475797223
0 0.896625700449583 0.7658309656285761 0.16446697994174003 0.18335248982323477
0 0.3144737446562307 0.5592024231124926 0.23410954169936504 0.2712486374938141
0 0.5832344533525771 0.6519853081199158 0.20944451082055265 0.22783283016686778
0 0.5178608205996204 0.4323146172558843 0.2426040032987053 0.2950955732694628
0 0.8844847162847007 0.5932942243350035 0.20029683135366616 0.23515400723608923