0 0.6433520464634092 0.21487554511850676 0.35232909292681835 0.4297510902370135
0 0.8031714209505271 0.33132524192878404 0.3936571580989458 0.6279510005686809
0 0.7818905534206724 0.6308537696642007 0.3839212856261753 0.5724634135627088
0 0.6155294298849567 0.4439200801690273 0.3156222717860109 0.5053109747331253
0 0.47419748125410077 0.2955033768061454 0.2709517589344296 0.4433915497712502
0 0.46793152969467633 0.525554552717951 0.24636825300293058 0.4147210359035419
0 0.3597304160447923 0.38418662994027747 0.21371757908665395 0.3796186840799307
0 0.2667696418245045 0.2713976488419789 0.18868840418179417 0.34001067021222237
0 0.27099817988495667 0.45193913402434005 0.17529706623507268 0.317844729482778
0 0.3588722060824108 0.5742304016917705 0.19701024015134933 0.35269250816812525
0 0.6392866289729232 0.21098747891409703 0.34732325794584645 0.42197495782819405
0 0.5907363128122126 0.6798764171749995 0.2795282628887623 0.4623233877271529
0 0.4567579022418089 0.7119284638121177 0.2138449130790427 0.38274368407993065
0 0.3588124921656967 0.7454878058520831 0.1841282381741829 0.3430265674386808
0 0.2771566324701454 0.6222698178199304 0.16416856524648954 0.3129026563445141
0 0.28063841262193223 0.7652931192067012 0.1477795612921568 0.2937889804327085
0 0.2827513523555396 0.874722670593472 0.1347410504177419 0.24197190729444457