0 0.5140625 0.46796875 0.09140625 0.26953125
0 0.56640625 0.58359375 0.11328125 0.31484375
0 0.625 0.39296875 0.1296875 0.31640625
0 0.70078125 0.51875 0.16015625 0.37109375
0 0.77890625 0.2859375 0.1796875 0.36875
0 0.796875 0.684375 0.203125 0.4234375
0 0.6296875 0.73203125 0.1390625 0.3671875
0 0.43046875 0.77109375 0.078125 0.27109375
0 0.47265625 0.62734375 0.0875 0.275
0 0.4 0.65703125 0.065625 0.2484375
0 0.36640625 0.78671875 0.0578125 0.23984375
0 0.56640625 0.28515625 0.115625 0.29140625