0 0.68515625 0.228125 0.228125 0.45546875
0 0.8203125 0.421875 0.28984375 0.54453125
0 0.7 0.68828125 0.240625 0.5015625
0 0.5921875 0.475 0.1890625 0.44765625
0 0.4984375 0.303125 0.15859375 0.39609375
0 0.43515625 0.515625 0.140625 0.37265625
0 0.36953125 0.359375 0.1171875 0.34375
0 0.31171875 0.23203125 0.1015625 0.30859375
0 0.26953125 0.40078125 0.0953125 0.2875
0 0.3203125 0.53515625 0.10625 0.3203125
0 0.68359375 0.2234375 0.22578125 0.446875
0 0.509375 0.68828125 0.1625 0.4125
0 0.3765625 0.6859375 0.11640625 0.34609375
0 0.27734375 0.69375 0.096875 0.3125
0 0.23203125 0.56015625 0.08359375 0.28671875
0 0.19921875 0.69375 0.071875 0.27109375
0 0.16953125 0.81328125 0.0640625 0.25625