0 0.5126875872926678 0.45611801873804214 0.11966660847155489 0.30129087468172655
0 0.45581179849629666 0.584406103397497 0.1477294239901033 0.35316245735199914
0 0.3899835246771132 0.37575726205440657 0.16496238809672592 0.35492495202099905
0 0.3077212909744492 0.5170356953771343 0.20267298825501054 0.4162806226925442
0 0.2197739762473236 0.2628016340308622 0.22294002414838782 0.41495448002863505
0 0.20389629433966155 0.7010465213637713 0.25283812430667235 0.47621924403245297
0 0.38693010319429244 0.7492856687221338 0.17909909593514248 0.41132040268936265
0 0.6070009107952821 0.7870145774188142 0.1056495725781776 0.3026897426798175
0 0.5592035714575502 0.6301555027450418 0.11516096489804539 0.30748633068109027
0 0.6395897534317193 0.660788432089405 0.08925168276559195 0.27594542934436317
0 0.6768815017823666 0.8026764874283593 0.07960389812585582 0.2664613413430903
0 0.4536177788337484 0.2569259933959062 0.14851903417751763 0.32661813868554457