0 0.3489763045649818 0.7608105017158596 0.2866675550272001 0.462643718658969
0 0.204253523290458 0.5703255572052782 0.364696929796091 0.6225930316702353
0 0.34287678793844134 0.2839681715493278 0.3069920783841652 0.5679363430986556
0 0.4552788141984003 0.5176706039857153 0.24579851411925796 0.5067286877801568
0 0.5531265954729241 0.7095194716949771 0.20817884217421892 0.4478705133278352
0 0.6277161038527013 0.4782490881505977 0.18709345236163308 0.4207169799417402
0 0.6960666017411302 0.6506265418323791 0.15957620612255674 0.38713159012915455
0 0.7556725854437941 0.7912000660472739 0.1381271034569899 0.3474780567430599
0 0.8066487490755632 0.6083133582088573 0.1296326418576495 0.32381323620994634
0 0.7538239627864745 0.45894149551416047 0.14474081630997127 0.36015991316955065
0 0.3498712148315385 0.7646940196625482 0.2817072703874642 0.4531323263391013
0 0.5509848046314888 0.28656770500192963 0.2149744114536908 0.46680236975432593
0 0.6965928213245363 0.2924957930860203 0.15810463433580219 0.390211126022532
0 0.8051183751646022 0.286992287675744 0.13353053167023532 0.3504666644231918
0 0.8516476973470682 0.4349835067969316 0.11708717775102677 0.32188702335696495
0 0.890388285431159 0.28842074386480787 0.10247910847155453 0.3027278463973609
0 0.925722728688099 0.15915914119924082 0.09264946740532806 0.2868300617576248