0 0.42578125 0.28203125 0.17265625 0.165625
0 0.303125 0.334375 0.16875 0.18203125
0 0.47890625 0.4125 0.17890625 0.1953125
0 0.40078125 0.6484375 0.2078125 0.2890625
0 0.2015625 0.54453125 0.1921875 0.23828125
0 0.7078125 0.30625 0.18125 0.16953125
0 0.675 0.503125 0.20703125 0.2328125
0 0.75703125 0.6796875 0.23203125 0.28125
0 0.6234375 0.76796875 0.23828125 0.33359375
0 0.23671875 0.73984375 0.22890625 0.31796875
0 0.1703125 0.3875 0.17578125 0.19921875
0 0.53984375 0.24140625 0.1609375 0.146875
0 0.64140625 0.196875 0.16171875 0.13515625
0 0.7375 0.1609375 0.16015625 0.13125
0 0.8046875 0.26171875 0.178125 0.16171875
0 0.7875 0.4421875 0.20546875 0.2203125
0 0.8828125 0.60390625 0.2296875 0.2640625
0 0.896875 0.2171875 0.1734375 0.15078125
0 0.35234375 0.4734375 0.19296875 0.225
0 0.59453125 0.3578125 0.175 0.1875
0 0.5421875 0.56796875 0.19921875 0.24765625
0 0.89296875 0.37734375 0.2015625 0.1953125