0 0.6128608531223902 0.674859663698276 0.2514208163720578 0.27253554420664744
0 0.7093054059267807 0.7695607467678017 0.23917312188998174 0.24721729546028878
0 0.7349925599289382 0.532455551861509 0.2880067695605611 0.3157232545523465
0 0.6245607502271426 0.40695910985821 0.29425012550802626 0.34554714687221455
0 0.5038055941888203 0.27006216660126986 0.31158811171321654 0.4084563238318187
0 0.21357350407232983 0.7473223147271256 0.20891241180407355 0.23541597743445788
0 0.4088384164422303 0.7127785155059132 0.23588434757972224 0.24400136724704335
0 0.16656346449692236 0.5131124507787875 0.24828917231952313 0.30208665188677947
0 0.2526658180695385 0.32885345955427614 0.2874202713695834 0.3640698263391012
0 0.38662033695273107 0.46692645790492354 0.2635799796464694 0.3259333288463836
0 0.10454257858498806 0.6594168009370721 0.2090851571699761 0.24827969028743926
0 0.2975501136378398 0.6185093414493029 0.2445157191310198 0.2598536877801568
0 0.3232550412728881 0.8275971849436699 0.21048155585660827 0.20581940564770312
0 0.5095167678671398 0.8011159383088822 0.20916471732199754 0.21046144154108043
0 0.5019853081199158 0.5875990075883545 0.25486672094004204 0.3085185083132703
0 0.7747632253510562 0.2120236607287751 0.34899958050555197 0.4240473214575502