0 0.6214895747533141 0.6347087388817102 0.18114419605345197 0.39477721057599685
0 0.7655037514321773 0.7237207210259252 0.25265666406745135 0.4983112767345796
0 0.814647039385725 0.3812241488172182 0.2616134933959061 0.4624283188890573
0 0.6618033027132251 0.33914170882748096 0.202928289385725 0.38709197560311137
0 0.47914008477876757 0.8230495970965748 0.1524919373806341 0.3493010841125638
0 0.40168669943504076 0.7469325246914761 0.1238942227084527 0.3085124576491305
0 0.3376418334261321 0.6816756842342006 0.10637945870463464 0.28028746369925484
0 0.36241292472945164 0.4604228529503073 0.10937718936981647 0.2693681444174141
0 0.2814458300843143 0.6194983919815271 0.09516923870145293 0.2567863311856975
0 0.38405901603277126 0.23918820238457328 0.11097605203690737 0.2725022347764936
0 0.3033282787237247 0.41857624141579297 0.09211696403563466 0.2630181504675381
0 0.226445963359317 0.19010178347207485 0.07578289202736235 0.20198974687674207
0 0.32136811203054405 0.22314556674775798 0.1013101507001803 0.24744769262201594
0 0.25300101471990666 0.3907421329063408 0.0760374306969986 0.223864746876742
0 0.20816977271640683 0.3652199581401099 0.07447493069699859 0.22385565651766237
0 0.23482482141149638 0.5744540575743758 0.0871749253659985 0.24111587939029935
0 0.19372710673931484 0.5340654069104459 0.07596470536281688 0.21761474687674198
0 0.15813450473422414 0.4967699399897373 0.0695510733609078 0.20351588544042354
0 0.1768406934277229 0.6943307412194013 0.07607379336408951 0.22698974687674217
0 0.21499522143535893 0.7503625726014904 0.08094310669954394 0.24264201795398072
0 0.18951812802354437 0.17234665691044587 0.06629880402608972 0.19256020472226432
0 0.25939065877622225 0.8055767925472612 0.10316355203690737 0.27245678298109544
0 0.23971702800763603 0.055654581480285036 0.07005905601527207 0.11130916296057007
0 0.1404459233768162 0.3195170935805335 0.06468176002545337 0.1878636143631846