0 0.6670393126193658 0.336723515020829 0.2389737827020893 0.26505580438150134
0 0.7857898599618199 0.2674768628300783 0.22776356269890777 0.24142738960884894
0 0.7394399292648213 0.49167802192068777 0.27225899737427073 0.3062535486994584
0 0.6000950712524128 0.585497980117793 0.2772919427116342 0.3360228693163094
0 0.4465695345719589 0.6897196501654511 0.2951703333863612 0.39569787824476316
0 0.31485119863941036 0.19524472159308098 0.19793061203054413 0.22840919236879248
0 0.48745235729631986 0.26409235876959325 0.2246022000318167 0.23824784253094827
0 0.2023131939449571 0.4018550060890799 0.23461354670590726 0.2930989837646504
0 0.2290467745862764 0.5880691956184986 0.2727862560470887 0.3515660486994584
0 0.39504503926641216 0.48597308725923777 0.2504930853755436 0.3152467191541538
0 0.18059382996500162 0.25460785917333506 0.21057606269890758 0.24112738068039521
0 0.35468476328772935 0.329678222810897 0.23257833203372574 0.2524467102257
0 0.44045118264641003 0.1415003384770538 0.199165848026726 0.20031146590774287
0 0.607701769971365 0.20028718303989224 0.19765789202736245 0.20497169236879254
0 0.5382416032781844 0.39677244521475685 0.24093627204008888 0.2994580779204517
0 0.6797263852244141 0.7903161193229 0.3327248773869975 0.40103994317957137