0 0.35 0.32734375 0.203125 0.2328125
0 0.24453125 0.2453125 0.1953125 0.209375
0 0.25546875 0.47109375 0.23203125 0.26953125
0 0.37890625 0.58046875 0.2328125 0.2984375
0 0.5140625 0.70078125 0.240625 0.35703125
0 0.71875 0.23125 0.1671875 0.2015625
0 0.53828125 0.278125 0.19296875 0.20703125
0 0.7984375 0.44765625 0.1953125 0.26171875
0 0.74375 0.62734375 0.225 0.31640625
0 0.59609375 0.50703125 0.20703125 0.2828125
0 0.8421875 0.30546875 0.178125 0.2125
0 0.65859375 0.3578125 0.19921875 0.22109375
0 0.603125 0.16328125 0.1734375 0.1734375
0 0.4296875 0.20078125 0.171875 0.178125
0 0.46796875 0.4015625 0.20078125 0.2671875
0 0.26640625 0.7875 0.2734375 0.390625