0 0.5326225641984003 0.5003460083866179 0.15684835972519587 0.29770799985882573
0 0.607724201107992 0.39188949530302547 0.18955321113712173 0.3495281050922626
0 0.6316032849689405 0.5939679347937993 0.2068771034569899 0.355216662970653
0 0.7307418154520414 0.4778508401542931 0.2508377036152744 0.4186113050357928
0 0.7661183404583591 0.7254314954441998 0.26963316772189716 0.4212658681758551
0 0.851677991851332 0.3257206508046937 0.29664401629733594 0.4827339891943076
0 0.6983455379384413 0.2520086769718787 0.22873538308216101 0.40952473137238704
0 0.5045524223407506 0.18112557152668016 0.14430289561857332 0.29541745776545086
0 0.5215079047897733 0.33352252943330535 0.15542225204506402 0.3023044945971538
0 0.45300194569771557 0.2921232556851948 0.1263879699126104 0.26941639988706056
0 0.443555086368231 0.15572302410104633 0.11513222116625173 0.25784186305535756
0 0.5523453454729241 0.6940582110315713 0.18574624953778168 0.32590859456891896