0 0.4625 0.44140625 0.14296875 0.37734375
0 0.35859375 0.54453125 0.1109375 0.3359375
0 0.490625 0.70390625 0.1609375 0.37890625
0 0.58125 0.31796875 0.1765625 0.39453125
0 0.628125 0.596875 0.19453125 0.43359375
0 0.80234375 0.46640625 0.2765625 0.50546875
0 0.27578125 0.62890625 0.09765625 0.32265625
0 0.203125 0.70546875 0.07734375 0.2890625
0 0.18671875 0.32265625 0.07265625 0.26015625
0 0.38125 0.79375 0.12421875 0.35546875
0 0.14140625 0.7703125 0.06640625 0.26171875
0 0.1296875 0.4140625 0.065625 0.25
0 0.1234375 0.2546875 0.05859375 0.24375
0 0.0765625 0.33046875 0.05078125 0.22265625
0 0.3421875 0.31953125 0.10703125 0.31640625
0 0.43515625 0.20234375 0.13046875 0.34765625