0 0.4077310848236058 0.31796875 0.2302286111986346 0.3890625
0 0.2866157897743 0.2296875 0.3111434204514 0.459375
0 0.1806252938347851 0.528125 0.31435024106825094 0.4640625
0 0.31700707873782114 0.5921875 0.2489513376596843 0.3875
0 0.5744391181017888 0.16640625 0.19330926379642238 0.3328125
0 0.6355345308458462 0.246875 0.16307629301741572 0.3015625
0 0.6842935848236058 0.31796875 0.14227286931630942 0.2734375
0 0.622880977682161 0.52421875 0.14210922808260734 0.2640625
0 0.7260895726487412 0.38515625 0.12939103977100466 0.2515625
0 0.562249620540716 0.73046875 0.1452887751605081 0.2671875
0 0.6696917479747004 0.57265625 0.1263478603878557 0.25625
0 0.7024285612879508 0.80078125 0.10187396590774292 0.196875
0 0.6180905174564609 0.75390625 0.13235239853730257 0.2421875
0 0.7128553668872681 0.60625 0.10535352191409722 0.2171875
0 0.7498098961082613 0.6375 0.10379102191409721 0.2171875
0 0.7619355694023303 0.43515625 0.11815353084255094 0.234375
0 0.7947383867727705 0.48046875 0.10370920129724617 0.2125
0 0.8213866615295368 0.5203125 0.09718646590774291 0.196875
0 0.8395441465120032 0.33046875 0.10697056899199779 0.2203125
0 0.8124555409921161 0.27109375 0.11346603084255094 0.234375
0 0.7332830949731708 0.8234375 0.09230805113509036 0.1859375
0 0.7806657987027539 0.2125 0.1390115016215578 0.265625
0 0.6563330369382216 0.93515625 0.10070120373287814 0.1296875
0 0.8058865722449994 0.6921875 0.08912850405718978 0.1828125