0 0.768207683173657 0.6073965583259054 0.20823073835289668 0.3414841210079672
0 0.6773436657608024 0.5704301042484127 0.1789593181810801 0.3187907670887588
0 0.8298877323600028 0.41495665723054886 0.26076924016191894 0.3913764724198929
0 0.6573289003841127 0.15875681835503536 0.20528280076822547 0.2852341210079671
0 0.5670347710308992 0.14754888222423118 0.17781954206179834 0.26727373119538156
0 0.498779415987945 0.14010244358614454 0.15068383197589003 0.2555633413827959
0 0.4424065852552504 0.13612198574772805 0.1242098631835546 0.22671091567683305
0 0.36189356965141817 0.1478203522033486 0.10217773292582973 0.1933073822907382
0 0.40388407507848506 0.2941330625490476 0.10859150723608924 0.19661423871722888
0 0.6294671670039979 0.817875754090128 0.13012567051050078 0.250284807996701
0 0.6486531789897855 0.707665679796091 0.14500704206179832 0.26631898495630535
0 0.7213404064885482 0.7550240645941116 0.16350473654387443 0.2918190901291549
0 0.8802330124938141 0.6677012240027385 0.23953397501237186 0.3862797954602888
0 0.7626714976251507 0.17430291349875499 0.25659299525030155 0.3116889724198929
0 0.5316493854576491 0.618454764119258 0.11458920171816515 0.22175063103709683
0 0.48523473088966484 0.5812215370805115 0.1076841044771271 0.2090687746106063
0 0.37177093792335536 0.2916385483632826 0.09025758706427274 0.17423913354437942