0 0.4782218262955986 0.4449156647759477 0.16942747889338636 0.3997114480508353
0 0.367521879866321 0.5500043595803722 0.13428881980277688 0.35536143019392785
0 0.502525945611908 0.7180122455390684 0.188232025971287 0.4031637305182393
0 0.6041922167185217 0.3192417345820198 0.2056922613607904 0.4190887394466932
0 0.647546344963285 0.6091985328777365 0.22517864691244965 0.46160352191409737
0 0.8304388912304068 0.4762791185121212 0.3155775503210162 0.5397206136342666
0 0.28072703773911456 0.6367015645310664 0.11841835795222373 0.3410261948044244
0 0.20315719114768122 0.7146413782480586 0.0959160665563659 0.30470686525911966
0 0.19387232548481967 0.31702603855648404 0.09071036931630952 0.2749375446422686
0 0.38685212702365196 0.8067765109603439 0.1486513287312306 0.3727943920444809
0 0.13866404301412033 0.7806306168839727 0.0828978693163095 0.274801176947517
0 0.13220021428288975 0.4103181168839728 0.0811171810047068 0.2622739034085667
0 0.12930921915415372 0.24469311688397283 0.07475808684890542 0.2559148092527653
0 0.07908312256272038 0.32215564366933397 0.06500125730360067 0.23387616801906325
0 0.35563198579324523 0.3165469772751239 0.1276842637964224 0.3349398360381265
0 0.45357283360249456 0.19683272078230207 0.15481950811437956 0.3682159862002823