0 0.603125 0.353125 0.1328125 0.3515625
0 0.740625 0.2828125 0.1890625 0.44296875
0 0.76171875 0.6 0.20078125 0.40859375
0 0.61953125 0.62734375 0.15390625 0.34375
0 0.4859375 0.16328125 0.1109375 0.3265625
0 0.40859375 0.23359375 0.0859375 0.27734375
0 0.3453125 0.2890625 0.071875 0.25234375
0 0.35234375 0.49453125 0.0765625 0.240625
0 0.28984375 0.34140625 0.065625 0.23203125
0 0.3578125 0.69921875 0.078125 0.24453125
0 0.29609375 0.52734375 0.0609375 0.23671875
0 0.209375 0.73203125 0.0515625 0.18203125
0 0.29921875 0.70859375 0.071875 0.22109375
0 0.24765625 0.54921875 0.04921875 0.203125
0 0.20546875 0.56953125 0.04765625 0.2015625
0 0.24453125 0.3796875 0.05859375 0.2171875
0 0.203125 0.41328125 0.05 0.196875
0 0.16796875 0.44453125 0.04609375 0.18359375
0 0.19921875 0.26484375 0.05 0.2046875
0 0.23828125 0.21640625 0.053125 0.21875
0 0.175 0.7453125 0.04453125 0.1734375
0 0.28203125 0.16953125 0.07109375 0.24453125
0 0.2140625 0.90234375 0.053125 0.1875
0 0.13984375 0.60703125 0.04296875 0.16953125