0 0.3109375 0.328125 0.025 0.0296875
0 0.36484375 0.5453125 0.025 0.0234375
0 0.3921875 0.61171875 0.0375 0.0171875
0 0.4125 0.66796875 0.0375 0.0234375
0 0.43828125 0.5109375 0.040625 0.01875
0 0.42265625 0.33359375 0.01875 0.0203125
0 0.4515625 0.59296875 0.021875 0.0296875
0 0.4796875 0.6640625 0.0328125 0.0203125
0 0.478125 0.621875 0.0328125 0.01875
0 0.49140625 0.6703125 0.0328125 0.0171875
0 0.5140625 0.61953125 0.034375 0.0203125
0 0.52578125 0.7015625 0.0296875 0.028125
0 0.51953125 0.3296875 0.03125 0.028125
0 0.58515625 0.684375 0.0328125 0.0265625
0 0.62890625 0.6515625 0.1265625 0.0578125
0 0.63203125 0.69375 0.05 0.01875
0 0.640625 0.609375 0.0359375 0.0234375
0 0.75546875 0.65703125 0.0359375 0.0265625
0 0.76640625 0.59609375 0.0390625 0.034375