0 0.3296875 0.309375 0.021875 0.028125
0 0.3609375 0.53125 0.0234375 0.021875
0 0.38125 0.6 0.0359375 0.0140625
0 0.3953125 0.6578125 0.0359375 0.0203125
0 0.4375 0.5046875 0.0390625 0.0140625
0 0.440625 0.3265625 0.0171875 0.01875
0 0.4421875 0.5875 0.01875 0.028125
0 0.4625 0.6609375 0.03125 0.0171875
0 0.465625 0.61875 0.03125 0.015625
0 0.4734375 0.66875 0.03125 0.0140625
0 0.5015625 0.6203125 0.0328125 0.0171875
0 0.5046875 0.703125 0.0265625 0.025
0 0.5375 0.3328125 0.028125 0.025
0 0.565625 0.6921875 0.03125 0.0234375
0 0.6125 0.6640625 0.121875 0.0453125
0 0.6109375 0.70625 0.0484375 0.0140625
0 0.628125 0.6234375 0.034375 0.0203125
0 0.7375 0.6828125 0.034375 0.0234375
0 0.7546875 0.6234375 0.0359375 0.03125