0 0.66328125 0.30390625 0.0234375 0.028125
0 0.63984375 0.5265625 0.0234375 0.0234375
0 0.621875 0.59609375 0.0359375 0.015625
0 0.61015625 0.65390625 0.0359375 0.021875
0 0.5625 0.50234375 0.0390625 0.015625
0 0.553125 0.32421875 0.0171875 0.01875
0 0.5609375 0.58515625 0.0203125 0.028125
0 0.54296875 0.659375 0.03125 0.01875
0 0.53828125 0.6171875 0.03125 0.0171875
0 0.5328125 0.66796875 0.03125 0.015625
0 0.50234375 0.6203125 0.0328125 0.01875
0 0.50234375 0.703125 0.028125 0.0265625
0 0.45703125 0.334375 0.0296875 0.0265625
0 0.44140625 0.69453125 0.0328125 0.025
0 0.39296875 0.66796875 0.1234375 0.05
0 0.39609375 0.71015625 0.0484375 0.015625
0 0.3765625 0.628125 0.034375 0.021875
0 0.26875 0.690625 0.0359375 0.025
0 0.25 0.63203125 0.0375 0.0328125