0 0.671875 0.4109375 0.0484375 0.0359375
0 0.5515625 0.4296875 0.025 0.0390625
0 0.515625 0.44375 0.04375 0.040625
0 0.7109375 0.4515625 0.0515625 0.0390625
0 0.6421875 0.4515625 0.0265625 0.0421875
0 0.6671875 0.4796875 0.028125 0.0515625
0 0.5421875 0.484375 0.0609375 0.0265625
0 0.6234375 0.5 0.0453125 0.053125
0 0.7171875 0.5046875 0.0390625 0.0515625
0 0.4578125 0.5125 0.0859375 0.046875
0 0.546875 0.5328125 0.0984375 0.0421875
0 0.7796875 0.540625 0.0734375 0.059375
0 0.6859375 0.54375 0.03125 0.075
0 0.30625 0.5453125 0.1140625 0.053125
0 0.484375 0.56875 0.1 0.0515625
0 0.615625 0.58125 0.11875 0.0375
0 0.3859375 0.6421875 0.0765625 0.06875
0 0.5703125 0.646875 0.1140625 0.0578125
0 0.4078125 0.684375 0.1265625 0.0625
0 0.4296875 0.7359375 0.05625 0.0796875
0 0.5296875 0.7375 0.11875 0.0609375