0 0.56875 0.74453125 0.1140625 0.059375
0 0.67578125 0.578125 0.0671875 0.0484375
0 0.5671875 0.58828125 0.05 0.0484375
0 0.52109375 0.6015625 0.0578125 0.0609375
0 0.64609375 0.615625 0.0453125 0.059375
0 0.7140625 0.62265625 0.05 0.0421875
0 0.67734375 0.6390625 0.05 0.04375
0 0.55 0.6453125 0.065625 0.046875
0 0.625 0.65859375 0.0484375 0.0515625
0 0.7203125 0.68046875 0.0421875 0.065625
0 0.50390625 0.66953125 0.0734375 0.0546875
0 0.68203125 0.70234375 0.078125 0.0703125
0 0.775 0.71015625 0.05625 0.0703125
0 0.32109375 0.69375 0.11875 0.0796875
0 0.46953125 0.7234375 0.0984375 0.0640625