0 0.378125 0.40234375 0.053125 0.03125
0 0.5515625 0.40625 0.0265625 0.0421875
0 0.36640625 0.4453125 0.065625 0.03125
0 0.48671875 0.44453125 0.040625 0.034375
0 0.40546875 0.46875 0.04375 0.034375
0 0.51015625 0.478125 0.06875 0.028125
0 0.56328125 0.48203125 0.0625 0.0390625
0 0.67578125 0.484375 0.03125 0.0484375
0 0.6296875 0.496875 0.0515625 0.05625
0 0.05390625 0.5359375 0.078125 0.0375
0 0.52734375 0.52265625 0.0875 0.040625
0 0.4 0.54921875 0.103125 0.0546875
0 0.50546875 0.575 0.075 0.05
0 0.26328125 0.61484375 0.0875 0.08125
0 0.44921875 0.6203125 0.0625 0.065625
0 0.6125 0.72421875 0.1296875 0.0546875