0 0.490625 0.284375 0.075 0.0359375
0 0.765625 0.321875 0.059375 0.05
0 0.496875 0.321875 0.0546875 0.04375
0 0.6125 0.3234375 0.0578125 0.0484375
0 0.71875 0.3359375 0.071875 0.0375
0 0.553125 0.34375 0.065625 0.0359375
0 0.221875 0.3640625 0.0984375 0.096875
0 0.8046875 0.36875 0.103125 0.03125
0 0.534375 0.384375 0.1046875 0.0484375
0 0.3515625 0.3859375 0.075 0.0625
0 0.6546875 0.3953125 0.1 0.0734375
0 0.44375 0.4015625 0.0796875 0.059375
0 0.7859375 0.4125 0.103125 0.040625
0 0.63125 0.4546875 0.065625 0.078125
0 0.3828125 0.4578125 0.128125 0.075
0 0.4890625 0.4796875 0.0625 0.1
0 0.475 0.246875 0.05625 0.0390625
0 0.65625 0.51875 0.1140625 0.0796875
0 0.5890625 0.553125 0.1140625 0.0734375
0 0.6453125 0.26875 0.0609375 0.05625