0 0.4359375 0.74609375 0.1140625 0.0609375
0 0.32578125 0.58125 0.06875 0.05
0 0.434375 0.5890625 0.0515625 0.0484375
0 0.48046875 0.6015625 0.0578125 0.0609375
0 0.35625 0.61796875 0.046875 0.0609375
0 0.28828125 0.62578125 0.0515625 0.0421875
0 0.325 0.6421875 0.0515625 0.04375
0 0.45234375 0.64609375 0.0671875 0.0484375
0 0.378125 0.66015625 0.0484375 0.053125
0 0.2828125 0.684375 0.04375 0.0671875
0 0.49921875 0.66953125 0.0734375 0.05625
0 0.321875 0.70546875 0.0796875 0.071875
0 0.228125 0.71484375 0.0578125 0.0703125
0 0.6828125 0.690625 0.1203125 0.08125
0 0.534375 0.7234375 0.1 0.065625