0 0.434375 0.3015625 0.071875 0.040625
0 0.26640625 0.32265625 0.05 0.04375
0 0.31484375 0.3203125 0.0375 0.0390625
0 0.52734375 0.30625 0.0515625 0.0515625
0 0.40078125 0.3203125 0.05 0.034375
0 0.3546875 0.32890625 0.0609375 0.03125
0 0.48203125 0.32890625 0.0328125 0.03125
0 0.42265625 0.371875 0.059375 0.053125
0 0.56015625 0.36328125 0.053125 0.040625
0 0.48515625 0.38203125 0.0765625 0.0359375
0 0.31171875 0.41328125 0.10625 0.0625
0 0.5546875 0.41171875 0.0453125 0.0578125
0 0.41875 0.43203125 0.0875 0.053125
0 0.51875 0.43125 0.0765625 0.05625
0 0.528125 0.48203125 0.0796875 0.05625
0 0.3765625 0.5046875 0.1109375 0.0640625
0 0.03203125 0.58515625 0.0609375 0.0953125
0 0.46171875 0.61640625 0.0890625 0.1125
0 0.146875 0.64375 0.1359375 0.1140625
0 0.5921875 0.6546875 0.1453125 0.1171875