0 0.38125 0.3984375 0.0515625 0.0296875
0 0.5546875 0.4078125 0.025 0.040625
0 0.36875 0.440625 0.0640625 0.0296875
0 0.4890625 0.44375 0.0390625 0.0328125
0 0.40625 0.465625 0.0421875 0.0328125
0 0.5109375 0.478125 0.0671875 0.0265625
0 0.5640625 0.484375 0.0609375 0.0375
0 0.6765625 0.490625 0.0296875 0.046875
0 0.6296875 0.5015625 0.05 0.0546875
0 0.053125 0.5203125 0.0765625 0.034375
0 0.5265625 0.5234375 0.0859375 0.0375
0 0.3984375 0.5453125 0.1015625 0.0515625
0 0.503125 0.575 0.0734375 0.046875
0 0.259375 0.60625 0.084375 0.078125
0 0.4453125 0.61875 0.0609375 0.0640625
0 0.6046875 0.728125 0.128125 0.05