0 0.478125 0.290625 0.0609375 0.0328125
0 0.34375 0.2984375 0.03125 0.0328125
0 0.5671875 0.30625 0.0328125 0.028125
0 0.44375 0.3125 0.0453125 0.0265625
0 0.55 0.315625 0.0328125 0.0296875
0 0.50625 0.33125 0.0453125 0.0296875
0 0.4421875 0.35625 0.040625 0.0453125
0 0.5875 0.375 0.0421875 0.0421875
0 0.5140625 0.378125 0.0546875 0.03125
0 0.334375 0.3890625 0.0765625 0.0421875
0 0.575 0.409375 0.046875 0.040625
0 0.421875 0.415625 0.071875 0.0484375
0 0.53125 0.4328125 0.0578125 0.046875
0 0.4 0.4796875 0.1046875 0.0515625
0 0.5453125 0.4828125 0.05 0.0625
0 0.0421875 0.540625 0.075 0.0671875
0 0.196875 0.6 0.1546875 0.075
0 0.4703125 0.628125 0.08125 0.09375
0 0.5828125 0.65625 0.1078125 0.0703125