0 0.47734375 0.3671875 0.06875 0.0453125
0 0.2578125 0.39921875 0.05625 0.046875
0 0.36015625 0.38828125 0.0296875 0.0421875
0 0.3078125 0.39765625 0.05 0.034375
0 0.51953125 0.3875 0.034375 0.034375
0 0.4015625 0.403125 0.0515625 0.040625
0 0.4796875 0.3984375 0.0453125 0.040625
0 0.55546875 0.43984375 0.0421875 0.0390625
0 0.4375 0.46796875 0.053125 0.0625
0 0.2890625 0.50078125 0.0703125 0.065625
0 0.5609375 0.46875 0.084375 0.0546875
0 0.39921875 0.5 0.084375 0.05625
0 0.46171875 0.521875 0.0859375 0.0578125
0 0.51015625 0.55703125 0.0921875 0.06875
0 0.359375 0.61015625 0.0671875 0.0890625
0 0.4515625 0.64296875 0.0796875 0.1046875
0 0.0859375 0.76796875 0.1234375 0.1109375
0 0.6 0.709375 0.1625 0.084375