0 0.590625 0.3875 0.0484375 0.0265625
0 0.7328125 0.40703125 0.0828125 0.046875
0 0.6359375 0.4296875 0.05 0.0640625
0 0.5640625 0.434375 0.046875 0.05
0 0.7171875 0.4453125 0.0578125 0.040625
0 0.19765625 0.49453125 0.0984375 0.059375
0 0.29140625 0.49609375 0.0609375 0.0671875
0 0.90234375 0.4578125 0.071875 0.0484375
0 0.76953125 0.475 0.0734375 0.0421875
0 0.21484375 0.540625 0.1140625 0.05625
0 0.4203125 0.52890625 0.1015625 0.046875
0 0.93828125 0.49453125 0.0625 0.059375
0 0.8546875 0.509375 0.0953125 0.05625
0 0.74765625 0.5203125 0.078125 0.053125
0 0.65859375 0.528125 0.090625 0.0609375
0 0.70625 0.5828125 0.1265625 0.0578125
0 0.69140625 0.63828125 0.10625 0.053125
0 0.3921875 0.7046875 0.115625 0.0984375