0 0.60859375 0.2609375 0.046875 0.05
0 0.453125 0.28046875 0.0734375 0.059375
0 0.65625 0.28125 0.0578125 0.05
0 0.5890625 0.31328125 0.05 0.05
0 0.73359375 0.29921875 0.0578125 0.0640625
0 0.47109375 0.32734375 0.053125 0.05625
0 0.69140625 0.31796875 0.078125 0.065625
0 0.52734375 0.33828125 0.0734375 0.0484375
0 0.20703125 0.384375 0.071875 0.0875
0 0.59453125 0.353125 0.0921875 0.0546875
0 0.7984375 0.33515625 0.0859375 0.05
0 0.3125 0.4015625 0.078125 0.0671875
0 0.409375 0.40078125 0.0703125 0.0734375
0 0.65 0.38828125 0.0859375 0.08125
0 0.7390625 0.39453125 0.075 0.0625
0 0.47109375 0.43359375 0.071875 0.078125
0 0.35234375 0.4671875 0.096875 0.0875
0 0.60078125 0.4421875 0.109375 0.0703125
0 0.48125 0.24453125 0.0796875 0.0453125
0 0.65234375 0.2296875 0.0546875 0.0515625
0 0.62890625 0.50390625 0.125 0.0921875
0 0.5734375 0.5390625 0.13125 0.09375
0 0.27578125 0.63671875 0.08125 0.125
0 0.26171875 0.69765625 0.1390625 0.115625