0 0.56328125 0.51875 0.121875 0.0984375
0 0.43984375 0.56796875 0.0953125 0.1296875
0 0.58515625 0.05546875 0.0703125 0.0421875
0 0.6265625 0.103125 0.053125 0.0375
0 0.6671875 0.17890625 0.0625 0.05
0 0.5875 0.1953125 0.046875 0.0546875
0 0.62109375 0.2296875 0.0515625 0.046875
0 0.7140625 0.22265625 0.05 0.053125
0 0.484375 0.2578125 0.0703125 0.0671875
0 0.52890625 0.31328125 0.103125 0.05625
0 0.70546875 0.30078125 0.096875 0.046875
0 0.69921875 0.3359375 0.096875 0.0609375
0 0.7359375 0.365625 0.0703125 0.06875
0 0.64296875 0.4421875 0.0703125 0.1140625
0 0.28828125 0.5 0.0890625 0.1171875