0 0.34765625 0.52734375 0.109375 0.109375
0 0.4625 0.5984375 0.096875 0.1125
0 0.35390625 0.1203125 0.05625 0.0296875
0 0.421875 0.17734375 0.0328125 0.0265625
0 0.4984375 0.2296875 0.0484375 0.03125
0 0.41484375 0.253125 0.0546875 0.04375
0 0.46953125 0.26171875 0.034375 0.034375
0 0.58046875 0.2609375 0.0484375 0.0453125
0 0.5203125 0.27890625 0.0671875 0.0328125
0 0.315625 0.3265625 0.05 0.040625
0 0.665625 0.3203125 0.059375 0.0328125
0 0.63984375 0.34375 0.0578125 0.034375
0 0.52265625 0.34921875 0.0671875 0.034375
0 0.3671875 0.3640625 0.084375 0.0453125
0 0.5578125 0.36640625 0.084375 0.034375
0 0.68984375 0.37734375 0.0453125 0.0421875
0 0.59609375 0.3890625 0.08125 0.0359375
0 0.575 0.41796875 0.0703125 0.0484375
0 0.68359375 0.4359375 0.046875 0.0546875
0 0.4875 0.44921875 0.0578125 0.06875