0 0.640625 0.2734375 0.084375 0.0390625
0 0.475 0.275 0.0640625 0.0484375
0 0.6078125 0.3234375 0.05 0.053125
0 0.7625 0.3265625 0.053125 0.0546875
0 0.496875 0.3265625 0.05 0.05625
0 0.55625 0.3375 0.0390625 0.0578125
0 0.7140625 0.3390625 0.0546875 0.0640625
0 0.215625 0.3578125 0.071875 0.0859375
0 0.8125 0.3671875 0.084375 0.04375
0 0.56875 0.3703125 0.06875 0.04375
0 0.3359375 0.384375 0.08125 0.0609375
0 0.4359375 0.3953125 0.071875 0.0671875
0 0.65625 0.396875 0.0859375 0.0609375
0 0.7703125 0.4171875 0.090625 0.046875
0 0.4875 0.45 0.0671875 0.075
0 0.3734375 0.4546875 0.134375 0.0625
0 0.63125 0.45625 0.1078125 0.06875
0 0.4890625 0.246875 0.0703125 0.034375
0 0.6484375 0.521875 0.13125 0.0734375
0 0.5828125 0.55 0.10625 0.0671875
0 0.23125 0.6734375 0.1375 0.1265625