0 0.228125 0.4140625 0.08125 0.065625
0 0.4328125 0.39140625 0.11875 0.1171875
0 0.15390625 0.45234375 0.140625 0.075
0 0.02421875 0.4703125 0.0484375 0.059375
0 0.05703125 0.50234375 0.1140625 0.1046875
0 0.184375 0.584375 0.1546875 0.11875
0 0.60546875 0.5359375 0.121875 0.15
0 0.425 0.5796875 0.203125 0.121875
0 0.08515625 0.73984375 0.1171875 0.1390625
0 0.371875 0.728125 0.128125 0.159375
0 0.13515625 0.2328125 0.1578125 0.078125
0 0.02109375 0.340625 0.0421875 0.06875
0 0.16875 0.3390625 0.10625 0.0765625
0 0.04375 0.4015625 0.0875 0.06875