0 0.76640625 0.31640625 0.1125 0.0703125
0 0.84375 0.334375 0.046875 0.05625
0 0.5234375 0.321875 0.0953125 0.065625
0 0.9 0.36171875 0.06875 0.0609375
0 0.63984375 0.3859375 0.084375 0.0796875
0 0.95703125 0.42421875 0.0859375 0.0578125
0 0.50703125 0.403125 0.0828125 0.0828125
0 0.83515625 0.4515625 0.1328125 0.08125
0 0.3453125 0.4734375 0.1015625 0.0859375
0 0.4796875 0.4984375 0.0984375 0.109375
0 0.2359375 0.490625 0.0828125 0.0859375
0 0.59765625 0.56171875 0.190625 0.0953125
0 0.34453125 0.55 0.1140625 0.1015625
0 0.9046875 0.62578125 0.18125 0.103125
0 0.6421875 0.73203125 0.1453125 0.1