0 0.49609375 0.28984375 0.0640625 0.040625
0 0.63046875 0.28125 0.034375 0.0359375
0 0.409375 0.315625 0.0359375 0.03125
0 0.5328125 0.30703125 0.0484375 0.03125
0 0.428125 0.3234375 0.0359375 0.0328125
0 0.4734375 0.33359375 0.0484375 0.034375
0 0.53984375 0.35 0.0453125 0.05
0 0.39765625 0.38671875 0.046875 0.046875
0 0.47109375 0.38046875 0.0578125 0.0375
0 0.65078125 0.36953125 0.08125 0.0515625
0 0.41484375 0.41953125 0.0515625 0.0453125
0 0.5671875 0.40703125 0.0765625 0.05625
0 0.4609375 0.4375 0.0625 0.053125
0 0.596875 0.46796875 0.1109375 0.0640625
0 0.453125 0.48828125 0.0578125 0.06875
0 0.95859375 0.48359375 0.0828125 0.0765625
0 0.81328125 0.5625 0.1625 0.09375
0 0.5453125 0.6234375 0.0921875 0.103125
0 0.43671875 0.66484375 0.115625 0.0828125