0 0.5875 0.5296875 0.0578125 0.0890625
0 0.51328125 0.28828125 0.06875 0.0375
0 0.5859375 0.31953125 0.04375 0.046875
0 0.4265625 0.32109375 0.053125 0.05
0 0.51015625 0.3359375 0.071875 0.046875
0 0.6953125 0.39453125 0.0625 0.059375
0 0.34296875 0.3734375 0.0625 0.0453125
0 0.37109375 0.39375 0.0703125 0.0453125
0 0.484375 0.40625 0.0875 0.053125
0 0.63046875 0.42734375 0.0890625 0.05
0 0.43359375 0.4203125 0.0796875 0.04375
0 0.3171875 0.42734375 0.05 0.05625
0 0.37109375 0.45625 0.1203125 0.0625
0 0.50546875 0.4890625 0.0671875 0.0703125
0 0.321875 0.4921875 0.05625 0.0578125