0 0.3390625 0.5359375 0.09375 0.1140625
0 0.471875 0.553125 0.10625 0.1046875
0 0.553125 0.2078125 0.0609375 0.0390625
0 0.4734375 0.2234375 0.0484375 0.053125
0 0.640625 0.240625 0.046875 0.05
0 0.5109375 0.25 0.046875 0.0453125
0 0.5859375 0.2609375 0.0640625 0.0359375
0 0.36875 0.290625 0.0390625 0.0421875
0 0.7140625 0.3046875 0.071875 0.0484375
0 0.69375 0.328125 0.0546875 0.0421875
0 0.5859375 0.3296875 0.0859375 0.034375
0 0.4125 0.334375 0.0875 0.0328125
0 0.584375 0.353125 0.084375 0.0390625
0 0.6171875 0.4015625 0.09375 0.0515625
0 0.5265625 0.446875 0.078125 0.075