0 0.365625 0.346875 0.09375 0.0453125
0 0.55 0.3546875 0.053125 0.0515625
0 0.61875 0.35625 0.0671875 0.0484375
0 0.4265625 0.375 0.075 0.040625
0 0.665625 0.4015625 0.075 0.0453125
0 0.5171875 0.409375 0.0625 0.046875
0 0.5890625 0.4109375 0.0890625 0.0453125
0 0.690625 0.43125 0.0953125 0.034375
0 0.453125 0.4375 0.0890625 0.04375
0 0.546875 0.4703125 0.0984375 0.0421875
0 0.71875 0.4703125 0.0875 0.0421875
0 0.2859375 0.4921875 0.0796875 0.0578125
0 0.365625 0.509375 0.0765625 0.05625
0 0.446875 0.509375 0.0515625 0.0765625
0 0.153125 0.5171875 0.1 0.1015625
0 0.5578125 0.51875 0.0578125 0.0546875
0 0.3125 0.559375 0.1390625 0.0609375
0 0.559375 0.5953125 0.05625 0.08125
0 0.409375 0.6109375 0.065625 0.0875
0 0.5078125 0.6421875 0.0875 0.08125