0 0.3875 0.3109375 0.0484375 0.05
0 0.6359375 0.31796875 0.0453125 0.0453125
0 0.58125 0.321875 0.053125 0.046875
0 0.434375 0.34296875 0.109375 0.040625
0 0.71484375 0.36328125 0.0625 0.0625
0 0.43671875 0.37421875 0.0484375 0.046875
0 0.60703125 0.3734375 0.084375 0.0484375
0 0.54765625 0.37421875 0.0484375 0.04375
0 0.4890625 0.4046875 0.075 0.04375
0 0.715625 0.40859375 0.0734375 0.0390625
0 0.58359375 0.4375 0.0921875 0.04375
0 0.73671875 0.43984375 0.0859375 0.0453125
0 0.31015625 0.459375 0.078125 0.0640625
0 0.17265625 0.46796875 0.078125 0.075
0 0.46953125 0.46484375 0.084375 0.06875
0 0.39765625 0.475 0.0796875 0.0734375
0 0.58125 0.4953125 0.053125 0.065625
0 0.35 0.52265625 0.11875 0.0578125
0 0.43046875 0.5640625 0.0953125 0.0796875
0 0.59609375 0.565625 0.078125 0.078125
0 0.54375 0.60078125 0.109375 0.059375
0 0.2109375 0.6828125 0.0875 0.090625
0 0.18203125 0.73984375 0.1359375 0.0953125