0 0.8921875 0.4109375 0.059375 0.053125
0 0.75 0.396875 0.053125 0.059375
0 0.70859375 0.4046875 0.053125 0.0625
0 0.834375 0.4453125 0.0671875 0.05625
0 0.72421875 0.45390625 0.0875 0.0546875
0 0.93203125 0.48046875 0.0875 0.0625
0 0.52109375 0.43046875 0.09375 0.0515625
0 0.41640625 0.4375 0.103125 0.0734375
0 0.84765625 0.490625 0.0578125 0.053125
0 0.79921875 0.49765625 0.0640625 0.0578125
0 0.69765625 0.49296875 0.09375 0.05625
0 0.909375 0.525 0.059375 0.0640625
0 0.86640625 0.553125 0.0640625 0.0796875
0 0.71640625 0.54375 0.0953125 0.0671875
0 0.9625 0.58984375 0.065625 0.0796875
0 0.8140625 0.5734375 0.115625 0.0609375
0 0.528125 0.55390625 0.08125 0.09375
0 0.621875 0.575 0.0640625 0.0890625
0 0.70234375 0.61171875 0.103125 0.0953125
0 0.57109375 0.65234375 0.0953125 0.096875
0 0.65234375 0.6953125 0.115625 0.0703125
0 0.3359375 0.659375 0.090625 0.1109375