0 0.7328125 0.50625 0.08125 0.0375
0 0.7359375 0.540625 0.0609375 0.053125
0 0.2859375 0.65078125 0.1125 0.0703125
0 0.54765625 0.7265625 0.1109375 0.121875
0 0.4234375 0.3234375 0.0515625 0.0328125
0 0.55078125 0.3234375 0.05625 0.028125
0 0.5578125 0.35078125 0.05625 0.040625
0 0.63359375 0.359375 0.04375 0.0375
0 0.53515625 0.3796875 0.0453125 0.0359375
0 0.38515625 0.43828125 0.071875 0.0421875
0 0.72421875 0.41171875 0.053125 0.0453125
0 0.609375 0.42421875 0.0453125 0.0515625
0 0.4421875 0.4515625 0.046875 0.0453125
0 0.68984375 0.43125 0.071875 0.046875
0 0.6234375 0.4578125 0.0515625 0.0484375
0 0.7 0.45390625 0.0359375 0.0546875
0 0.54453125 0.46796875 0.0484375 0.0515625
0 0.66171875 0.4625 0.0453125 0.05625
0 0.75234375 0.459375 0.05625 0.053125
0 0.49765625 0.4953125 0.0546875 0.059375
0 0.71015625 0.48125 0.075 0.04375