0 0.790625 0.746875 0.1375 0.0625
0 0.4890625 0.3921875 0.046875 0.04375
0 0.7109375 0.421875 0.0359375 0.0375
0 0.5875 0.4234375 0.0578125 0.0328125
0 0.5125 0.43125 0.0359375 0.0375
0 0.453125 0.434375 0.046875 0.0390625
0 0.659375 0.4515625 0.046875 0.0484375
0 0.5796875 0.4578125 0.04375 0.04375
0 0.7421875 0.4703125 0.059375 0.034375
0 0.6375 0.4890625 0.0375 0.0421875
0 0.1484375 0.4921875 0.06875 0.05625
0 0.0390625 0.4953125 0.0703125 0.05
0 0.771875 0.5015625 0.05625 0.0359375
0 0.81875 0.503125 0.059375 0.040625
0 0.8734375 0.50625 0.053125 0.034375
0 0.7015625 0.5234375 0.0859375 0.053125
0 0.8375 0.5328125 0.0984375 0.025
0 0.265625 0.5359375 0.0953125 0.05
0 0.6046875 0.5390625 0.0921875 0.0453125
0 0.5046875 0.546875 0.0859375 0.0671875
0 0.0484375 0.5546875 0.06875 0.0609375
0 0.6109375 0.5875 0.128125 0.0546875
0 0.565625 0.6421875 0.090625 0.059375
0 0.2625 0.7234375 0.075 0.1046875