0 0.3296875 0.3796875 0.0921875 0.034375
0 0.5671875 0.3828125 0.078125 0.0390625
0 0.484375 0.3828125 0.0671875 0.0359375
0 0.365625 0.4 0.0875 0.0375
0 0.6046875 0.4265625 0.0859375 0.04375
0 0.446875 0.4296875 0.059375 0.0421875
0 0.3421875 0.4328125 0.0625 0.0359375
0 0.528125 0.4390625 0.0796875 0.05
0 0.61875 0.4515625 0.08125 0.0390625
0 0.378125 0.4640625 0.0828125 0.040625
0 0.4796875 0.490625 0.09375 0.046875
0 0.2203125 0.5234375 0.0859375 0.0609375
0 0.2984375 0.5421875 0.078125 0.0609375
0 0.3765625 0.5421875 0.0484375 0.06875
0 0.478125 0.54375 0.0609375 0.0609375
0 0.071875 0.5609375 0.0890625 0.103125
0 0.253125 0.590625 0.1390625 0.071875
0 0.4859375 0.6125 0.05625 0.0765625
0 0.3375 0.6421875 0.05625 0.1015625
0 0.4390625 0.6625 0.103125 0.084375