0 0.803125 0.73125 0.140625 0.0703125
0 0.48359375 0.39296875 0.0484375 0.046875
0 0.70625 0.4109375 0.0375 0.0390625
0 0.58359375 0.41875 0.059375 0.0359375
0 0.50859375 0.43046875 0.0375 0.0390625
0 0.45 0.43671875 0.0484375 0.0421875
0 0.65625 0.44296875 0.05 0.0515625
0 0.57734375 0.45390625 0.0453125 0.0453125
0 0.740625 0.4578125 0.0609375 0.0375
0 0.63671875 0.48203125 0.0390625 0.04375
0 0.1484375 0.5109375 0.071875 0.059375
0 0.0390625 0.51953125 0.0734375 0.053125
0 0.771875 0.4875 0.0578125 0.0390625
0 0.81875 0.48671875 0.0609375 0.04375
0 0.8734375 0.48671875 0.0546875 0.0375
0 0.70234375 0.5125 0.0890625 0.0578125
0 0.8390625 0.51484375 0.1 0.0296875
0 0.26796875 0.5484375 0.0984375 0.0546875
0 0.60625 0.53359375 0.09375 0.05
0 0.50703125 0.546875 0.0890625 0.071875
0 0.0515625 0.578125 0.071875 0.0640625
0 0.615625 0.58125 0.13125 0.0609375
0 0.57265625 0.63828125 0.09375 0.0640625
0 0.27421875 0.7359375 0.0796875 0.1078125