0 0.4515625 0.296875 0.06875 0.034375
0 0.2828125 0.303125 0.046875 0.0390625
0 0.33125 0.3046875 0.034375 0.0359375
0 0.54375 0.309375 0.046875 0.0484375
0 0.4171875 0.3125 0.046875 0.0296875
0 0.3703125 0.3171875 0.059375 0.0265625
0 0.496875 0.328125 0.03125 0.028125
0 0.434375 0.365625 0.0546875 0.0484375
0 0.571875 0.36875 0.05 0.0359375
0 0.4953125 0.38125 0.075 0.0296875
0 0.3203125 0.396875 0.1015625 0.053125
0 0.5625 0.4171875 0.040625 0.0546875
0 0.425 0.425 0.084375 0.0453125
0 0.525 0.4328125 0.071875 0.05
0 0.5296875 0.484375 0.075 0.05
0 0.3765625 0.49375 0.10625 0.0546875
0 0.0265625 0.54375 0.053125 0.090625
0 0.4515625 0.6125 0.0796875 0.10625
0 0.1359375 0.6125 0.128125 0.103125
0 0.578125 0.6625 0.1359375 0.10625