0 0.33125 0.7578125 0.1453125 0.0640625
0 0.84921875 0.7125 0.0859375 0.0828125
0 0.56875 0.39375 0.0609375 0.03125
0 0.36796875 0.428125 0.0375 0.0328125
0 0.56953125 0.4203125 0.040625 0.0328125
0 0.5125 0.4265625 0.0671875 0.0453125
0 0.4234375 0.4484375 0.0375 0.040625
0 0.3671875 0.47109375 0.0609375 0.0390625
0 0.50625 0.46484375 0.0546875 0.046875
0 0.33359375 0.49921875 0.059375 0.034375
0 0.45546875 0.49140625 0.0421875 0.0484375
0 0.23359375 0.5234375 0.0671875 0.046875
0 0.92890625 0.4734375 0.10625 0.0671875
0 0.284375 0.540625 0.0578125 0.034375
0 0.39453125 0.534375 0.090625 0.05
0 0.50703125 0.54453125 0.096875 0.05
0 0.86015625 0.525 0.0984375 0.059375
0 0.61796875 0.56171875 0.128125 0.0703125
0 0.4734375 0.58984375 0.1140625 0.0578125
0 0.52265625 0.6375 0.0984375 0.0734375