0 0.31953125 0.4296875 0.0515625 0.040625
0 0.44140625 0.43515625 0.0296875 0.0421875
0 0.47890625 0.4453125 0.0484375 0.0453125
0 0.28515625 0.47421875 0.0546875 0.04375
0 0.35390625 0.46640625 0.03125 0.0453125
0 0.33125 0.49765625 0.0328125 0.0546875
0 0.45625 0.4890625 0.0640625 0.0328125
0 0.37734375 0.51328125 0.05 0.0578125
0 0.284375 0.52734375 0.04375 0.0546875
0 0.54296875 0.5078125 0.090625 0.05625
0 0.45703125 0.5375 0.1015625 0.0515625
0 0.22578125 0.56953125 0.0796875 0.0671875
0 0.31953125 0.56328125 0.0390625 0.078125
0 0.69765625 0.525 0.11875 0.0640625
0 0.52265625 0.56640625 0.1046875 0.0625
0 0.39375 0.59296875 0.121875 0.05
0 0.628125 0.6296875 0.0828125 0.0765625
0 0.4453125 0.653125 0.11875 0.06875
0 0.6109375 0.6734375 0.1328125 0.075
0 0.59453125 0.72734375 0.0640625 0.084375
0 0.4953125 0.7390625 0.125 0.0734375