0 0.2609375 0.6328125 0.084375 0.0625
0 0.50625 0.7203125 0.090625 0.1
0 0.45 0.303125 0.0328125 0.0390625
0 0.559375 0.3203125 0.0625 0.028125
0 0.559375 0.34375 0.05 0.0328125
0 0.4765625 0.3515625 0.040625 0.0453125
0 0.6390625 0.3578125 0.0375 0.0421875
0 0.540625 0.371875 0.053125 0.034375
0 0.3703125 0.4140625 0.084375 0.04375
0 0.71875 0.41875 0.0546875 0.040625
0 0.596875 0.428125 0.046875 0.0515625
0 0.4359375 0.4421875 0.0671875 0.05
0 0.6515625 0.4578125 0.0625 0.046875
0 0.7484375 0.471875 0.0546875 0.0453125
0 0.5421875 0.478125 0.0515625 0.053125
0 0.4890625 0.509375 0.04375 0.078125