0 0.8734375 0.4484375 0.096875 0.0515625
0 0.23359375 0.37265625 0.078125 0.0546875
0 0.95390625 0.48046875 0.084375 0.053125
0 0.11640625 0.41640625 0.0484375 0.05625
0 0.184375 0.43125 0.1171875 0.065625
0 0.47578125 0.4671875 0.05625 0.053125
0 0.4 0.4578125 0.0546875 0.05625
0 0.24765625 0.48828125 0.1203125 0.0578125
0 0.40234375 0.51484375 0.0921875 0.065625
0 0.03671875 0.48984375 0.0734375 0.0828125
0 0.115625 0.56953125 0.0953125 0.0671875
0 0.41796875 0.65390625 0.1671875 0.1
0 0.0671875 0.6390625 0.0765625 0.1