0 0.48359375 0.6375 0.084375 0.103125
0 0.4796875 0.25390625 0.0578125 0.0375
0 0.39609375 0.28359375 0.059375 0.046875
0 0.4609375 0.28359375 0.0515625 0.040625
0 0.55625 0.28046875 0.0421875 0.0390625
0 0.4921875 0.303125 0.0671875 0.0375
0 0.646875 0.33359375 0.0625 0.0328125
0 0.303125 0.36484375 0.0515625 0.0484375
0 0.62421875 0.35546875 0.0609375 0.05
0 0.50625 0.37109375 0.0875 0.0390625
0 0.36484375 0.39296875 0.1078125 0.053125
0 0.55078125 0.384375 0.08125 0.0421875
0 0.62109375 0.378125 0.071875 0.0390625
0 0.67578125 0.390625 0.0375 0.05
0 0.55625 0.42890625 0.0390625 0.059375
0 0.6265625 0.42578125 0.0953125 0.04375
0 0.4828125 0.4625 0.0578125 0.08125
0 0.67578125 0.4515625 0.0546875 0.0546875
0 0.3703125 0.52421875 0.103125 0.1