0 0.59921875 0.30390625 0.05 0.0515625
0 0.3515625 0.328125 0.0453125 0.046875
0 0.40625 0.328125 0.053125 0.0484375
0 0.55390625 0.3390625 0.1109375 0.0453125
0 0.27578125 0.37890625 0.0640625 0.0640625
0 0.55390625 0.3703125 0.0484375 0.0484375
0 0.384375 0.38125 0.084375 0.0515625
0 0.44375 0.378125 0.05 0.0453125
0 0.5046875 0.4046875 0.0765625 0.0453125
0 0.27890625 0.42421875 0.075 0.040625
0 0.4125 0.44375 0.09375 0.046875
0 0.26015625 0.45625 0.0875 0.0484375
0 0.68671875 0.44609375 0.0796875 0.0671875
0 0.82421875 0.4453125 0.0796875 0.078125
0 0.528125 0.4625 0.0859375 0.071875
0 0.6 0.46796875 0.08125 0.0765625
0 0.41875 0.50078125 0.0546875 0.0671875
0 0.65078125 0.5125 0.1203125 0.0625
0 0.5734375 0.55859375 0.0984375 0.0828125
0 0.40859375 0.571875 0.0796875 0.0796875
0 0.46328125 0.60390625 0.1109375 0.0640625
0 0.80078125 0.6625 0.090625 0.09375
0 0.83359375 0.7171875 0.1390625 0.1