0 0.509375 0.284375 0.075 0.0359375
0 0.234375 0.321875 0.059375 0.05
0 0.503125 0.321875 0.0546875 0.04375
0 0.3875 0.3234375 0.0578125 0.0484375
0 0.28125 0.3359375 0.071875 0.0375
0 0.446875 0.34375 0.065625 0.0359375
0 0.778125 0.3640625 0.0984375 0.096875
0 0.1953125 0.36875 0.103125 0.03125
0 0.465625 0.384375 0.1046875 0.0484375
0 0.6484375 0.3859375 0.075 0.0625
0 0.3453125 0.3953125 0.1 0.0734375
0 0.55625 0.4015625 0.0796875 0.059375
0 0.2140625 0.4125 0.103125 0.040625
0 0.36875 0.4546875 0.065625 0.078125
0 0.6171875 0.4578125 0.128125 0.075
0 0.5109375 0.4796875 0.0625 0.1
0 0.525 0.246875 0.05625 0.0390625
0 0.34375 0.51875 0.1140625 0.0796875
0 0.4109375 0.553125 0.1140625 0.0734375
0 0.3546875 0.26875 0.0609375 0.05625