0 0.5140625 0.34296875 0.0515625 0.0390625
0 0.646875 0.3640625 0.0734375 0.05
0 0.4125 0.3359375 0.0484375 0.0390625
0 0.58984375 0.3640625 0.0546875 0.04375
0 0.36171875 0.33828125 0.0375 0.0453125
0 0.44921875 0.35546875 0.0625 0.0375
0 0.390625 0.36015625 0.0421875 0.034375
0 0.48515625 0.3921875 0.05625 0.0453125
0 0.35546875 0.40703125 0.0609375 0.0421875
0 0.58046875 0.44375 0.0875 0.05
0 0.421875 0.42578125 0.05625 0.0421875
0 0.5015625 0.4640625 0.0875 0.0546875
0 0.3546875 0.44453125 0.075 0.0453125
0 0.3890625 0.4609375 0.053125 0.05625
0 0.49453125 0.51796875 0.11875 0.065625
0 0.3765625 0.5125 0.0484375 0.0578125
0 0.83203125 0.62734375 0.0890625 0.0921875
0 0.65234375 0.6078125 0.1125 0.1046875
0 0.321875 0.68828125 0.128125 0.1046875
0 0.415625 0.7171875 0.1140625 0.1203125