0 0.4109375 0.5234375 0.0515625 0.0859375
0 0.5015625 0.2875 0.0671875 0.0328125
0 0.4265625 0.3140625 0.040625 0.04375
0 0.5859375 0.3265625 0.05 0.046875
0 0.5015625 0.3359375 0.06875 0.0421875
0 0.3125 0.38125 0.059375 0.0546875
0 0.665625 0.384375 0.059375 0.040625
0 0.6359375 0.403125 0.0671875 0.040625
0 0.521875 0.4078125 0.084375 0.046875
0 0.375 0.41875 0.0859375 0.04375
0 0.571875 0.425 0.0765625 0.0390625
0 0.6875 0.440625 0.046875 0.053125
0 0.63125 0.465625 0.1171875 0.0546875
0 0.4953125 0.4890625 0.0625 0.065625
0 0.678125 0.5046875 0.053125 0.0546875