0 0.759375 0.38125 0.075 0.05625
0 0.553125 0.384375 0.10625 0.1046875
0 0.8375 0.4109375 0.134375 0.059375
0 0.9734375 0.4125 0.053125 0.053125
0 0.94375 0.4484375 0.1109375 0.0921875
0 0.8234375 0.5453125 0.14375 0.1015625
0 0.4 0.5484375 0.10625 0.1375
0 0.584375 0.5703125 0.1921875 0.0984375
0 0.940625 0.6875 0.1015625 0.128125
0 0.6546875 0.7109375 0.1109375 0.146875
0 0.8296875 0.190625 0.1515625 0.059375
0 0.96875 0.2828125 0.0625 0.0609375
0 0.809375 0.3 0.0984375 0.065625
0 0.95 0.3453125 0.1 0.05625