0 0.33671875 0.39609375 0.0515625 0.040625
0 0.4546875 0.42578125 0.028125 0.040625
0 0.4890625 0.44296875 0.046875 0.04375
0 0.29375 0.43359375 0.0546875 0.04375
0 0.3625 0.4390625 0.0296875 0.04375
0 0.33515625 0.46484375 0.0328125 0.053125
0 0.459375 0.48046875 0.0625 0.03125
0 0.37734375 0.4890625 0.05 0.05625
0 0.28359375 0.4859375 0.04375 0.0546875
0 0.540625 0.51640625 0.0890625 0.0546875
0 0.45078125 0.52890625 0.1015625 0.05
0 0.21796875 0.51640625 0.078125 0.065625
0 0.3109375 0.52734375 0.0375 0.078125
0 0.6890625 0.56171875 0.11875 0.0625
0 0.509375 0.56953125 0.1046875 0.059375
0 0.37734375 0.57109375 0.121875 0.0484375
0 0.6015625 0.6515625 0.0828125 0.075
0 0.4171875 0.63984375 0.11875 0.0671875
0 0.57578125 0.69140625 0.13125 0.0734375
0 0.54921875 0.74140625 0.0625 0.084375
0 0.45 0.734375 0.1234375 0.0703125