0 0.51328125 0.3421875 0.0484375 0.034375
0 0.37890625 0.340625 0.0703125 0.04375
0 0.61484375 0.35390625 0.0453125 0.034375
0 0.43515625 0.35078125 0.0515625 0.0390625
0 0.6640625 0.36484375 0.034375 0.0421875
0 0.575 0.36640625 0.0609375 0.03125
0 0.63203125 0.38125 0.040625 0.03125
0 0.53359375 0.39609375 0.053125 0.040625
0 0.65859375 0.43359375 0.0578125 0.0359375
0 0.43046875 0.43046875 0.084375 0.0421875
0 0.58984375 0.440625 0.053125 0.0375
0 0.5046875 0.4640625 0.084375 0.046875
0 0.65234375 0.47109375 0.071875 0.0390625
0 0.61640625 0.48046875 0.0484375 0.0515625
0 0.50234375 0.51875 0.1140625 0.053125
0 0.61953125 0.53359375 0.04375 0.0546875
0 0.15078125 0.5671875 0.08125 0.0859375
0 0.33125 0.58046875 0.103125 0.0953125
0 0.6421875 0.71640625 0.1203125 0.09375
0 0.5453125 0.728125 0.103125 0.1109375