0 0.65546875 0.55546875 0.10625 0.125
0 0.52109375 0.55625 0.11875 0.1171875
0 0.4828125 0.20390625 0.065625 0.046875
0 0.56015625 0.22890625 0.0546875 0.059375
0 0.3921875 0.22578125 0.053125 0.0546875
0 0.51953125 0.25078125 0.0515625 0.05
0 0.44375 0.25234375 0.0671875 0.04375
0 0.65546875 0.3078125 0.04375 0.046875
0 0.31171875 0.2796875 0.0765625 0.05625
0 0.32890625 0.30546875 0.059375 0.0484375
0 0.43515625 0.3203125 0.0890625 0.0453125
0 0.60703125 0.34609375 0.090625 0.04375
0 0.434375 0.34375 0.0890625 0.0484375
0 0.3953125 0.38828125 0.1 0.0625
0 0.48046875 0.44375 0.0859375 0.084375