0 0.34296875 0.35234375 0.0671875 0.05
0 0.49921875 0.396875 0.0546875 0.05625
0 0.37265625 0.4 0.046875 0.046875
0 0.2890625 0.40234375 0.06875 0.0578125
0 0.384375 0.453125 0.053125 0.05625
0 0.284375 0.45078125 0.0546875 0.0578125
0 0.6078125 0.4765625 0.096875 0.05
0 0.47265625 0.4828125 0.096875 0.05
0 0.73515625 0.51796875 0.0890625 0.059375
0 0.3078125 0.48984375 0.0625 0.071875
0 0.35625 0.51796875 0.09375 0.0578125
0 0.48203125 0.5328125 0.115625 0.0546875
0 0.61484375 0.60703125 0.090625 0.0796875
0 0.42890625 0.596875 0.1171875 0.06875
0 0.534375 0.61328125 0.06875 0.078125
0 0.56328125 0.690625 0.0765625 0.0890625
0 0.46171875 0.68984375 0.121875 0.06875