0 0.3796875 0.37109375 0.04375 0.040625
0 0.425 0.37890625 0.04375 0.04375
0 0.53828125 0.390625 0.0640625 0.046875
0 0.57109375 0.40859375 0.0671875 0.0296875
0 0.63984375 0.421875 0.053125 0.0453125
0 0.4421875 0.4375 0.090625 0.04375
0 0.64140625 0.47265625 0.053125 0.0390625
0 0.56796875 0.46640625 0.0578125 0.04375
0 0.53984375 0.49765625 0.05 0.05
0 0.48671875 0.49375 0.0609375 0.0578125
0 0.63984375 0.51640625 0.053125 0.05625
0 0.26875 0.48515625 0.0953125 0.06875
0 0.42265625 0.534375 0.1109375 0.053125
0 0.03515625 0.51953125 0.0703125 0.0734375
0 0.54921875 0.58203125 0.0765625 0.0796875
0 0.46796875 0.578125 0.0609375 0.0640625
0 0.4046875 0.6171875 0.096875 0.0796875
0 0.04453125 0.675 0.0890625 0.096875
0 0.615625 0.74765625 0.16875 0.084375