0 0.3671875 0.384375 0.040625 0.0359375
0 0.4125 0.3875 0.040625 0.0390625
0 0.5265625 0.3875 0.059375 0.040625
0 0.5609375 0.4015625 0.065625 0.0234375
0 0.63125 0.4078125 0.0484375 0.040625
0 0.4359375 0.44375 0.0875 0.034375
0 0.6375 0.4578125 0.05 0.034375
0 0.5640625 0.459375 0.0546875 0.0375
0 0.5390625 0.49375 0.0453125 0.0453125
0 0.4859375 0.4953125 0.05625 0.0515625
0 0.640625 0.5015625 0.0484375 0.0515625
0 0.26875 0.509375 0.0890625 0.059375
0 0.4265625 0.5421875 0.1078125 0.0421875
0 0.0359375 0.56875 0.071875 0.065625
0 0.5578125 0.5765625 0.06875 0.0734375
0 0.4765625 0.58125 0.0546875 0.059375
0 0.4171875 0.6265625 0.090625 0.0703125
0 0.05625 0.7234375 0.1015625 0.0875
0 0.640625 0.734375 0.1625 0.0671875