0 0.6328125 0.2734375 0.0421875 0.0453125
0 0.4765625 0.2765625 0.06875 0.053125
0 0.678125 0.2984375 0.053125 0.0453125
0 0.6078125 0.3234375 0.0453125 0.0453125
0 0.753125 0.325 0.0515625 0.059375
0 0.4890625 0.325 0.0484375 0.0515625
0 0.709375 0.3390625 0.071875 0.0578125
0 0.54375 0.3421875 0.06875 0.0421875
0 0.2203125 0.3546875 0.0640625 0.08125
0 0.609375 0.3640625 0.0875 0.0453125
0 0.8140625 0.3671875 0.08125 0.0421875
0 0.3234375 0.3828125 0.071875 0.059375
0 0.4203125 0.3921875 0.0640625 0.0671875
0 0.6609375 0.4046875 0.078125 0.0734375
0 0.7484375 0.4203125 0.06875 0.05625
0 0.478125 0.43125 0.0640625 0.071875
0 0.35625 0.4515625 0.0890625 0.078125
0 0.60625 0.453125 0.103125 0.059375
0 0.5078125 0.24375 0.0765625 0.0375
0 0.6796875 0.246875 0.05 0.046875
0 0.628125 0.5171875 0.1171875 0.0796875
0 0.56875 0.546875 0.1234375 0.08125
0 0.2625 0.6125 0.06875 0.11875
0 0.2421875 0.671875 0.1296875 0.103125