0 0.134375 0.5390625 0.0578125 0.040625
0 0.153125 0.57890625 0.0625 0.0359375
0 0.15078125 0.60625 0.075 0.034375
0 0.41796875 0.5921875 0.04375 0.046875
0 0.4 0.62890625 0.06875 0.0609375
0 0.25703125 0.678125 0.06875 0.090625
0 0.4546875 0.6515625 0.0875 0.0625
0 0.55 0.63984375 0.0796875 0.0703125
0 0.4375 0.7296875 0.08125 0.0671875
0 0.18984375 0.4140625 0.0609375 0.04375
0 0.1578125 0.48203125 0.0515625 0.040625
0 0.4265625 0.45859375 0.0578125 0.0359375
0 0.57421875 0.4453125 0.059375 0.053125
0 0.4609375 0.48203125 0.0421875 0.040625