0 0.728125 0.7421875 0.1390625 0.0640625
0 0.46875 0.3890625 0.0359375 0.0421875
0 0.5046875 0.403125 0.028125 0.0328125
0 0.6265625 0.40625 0.0234375 0.0390625
0 0.684375 0.4109375 0.0578125 0.040625
0 0.559375 0.4140625 0.04375 0.03125
0 0.7390625 0.4234375 0.053125 0.0296875
0 0.521875 0.453125 0.0890625 0.0375
0 0.6546875 0.4703125 0.0484375 0.04375
0 0.746875 0.4734375 0.0484375 0.0359375
0 0.1203125 0.478125 0.0875 0.0421875
0 0.584375 0.4984375 0.0453125 0.0484375
0 0.6328125 0.50625 0.0421875 0.05
0 0.31875 0.5171875 0.0953125 0.0515625
0 0.73125 0.53125 0.04375 0.0515625
0 0.1203125 0.5484375 0.0734375 0.053125
0 0.5015625 0.5515625 0.1015625 0.053125
0 0.56875 0.5703125 0.05 0.059375
0 0.6390625 0.5890625 0.0625 0.046875
0 0.5015625 0.63125 0.1140625 0.0671875
0 0.1546875 0.6921875 0.078125 0.1