0 0.57734375 0.309375 0.1 0.075
0 0.38984375 0.384375 0.18125 0.1234375
0 0.31796875 0.4640625 0.1015625 0.1421875
0 0.1515625 0.49375 0.071875 0.1296875
0 0.8140625 0.415625 0.0859375 0.09375
0 0.69921875 0.43125 0.14375 0.0953125
0 0.53828125 0.4796875 0.2171875 0.1046875
0 0.75625 0.496875 0.2296875 0.103125
0 0.7703125 0.534375 0.175 0.134375
0 0.2953125 0.66796875 0.1328125 0.1734375
0 0.7203125 0.62890625 0.1703125 0.1171875
0 0.50234375 0.66015625 0.1859375 0.1859375
0 0.61796875 0.21640625 0.0828125 0.0890625