0 0.48125 0.703125 0.1046875 0.0984375
0 0.428125 0.28125 0.0515625 0.0328125
0 0.5421875 0.30625 0.0734375 0.04375
0 0.528125 0.3328125 0.065625 0.034375
0 0.4609375 0.3421875 0.0484375 0.0390625
0 0.615625 0.3421875 0.0390625 0.04375
0 0.528125 0.359375 0.0640625 0.0359375
0 0.359375 0.4046875 0.059375 0.04375
0 0.696875 0.4078125 0.05625 0.0453125
0 0.6734375 0.4296875 0.0671875 0.0375
0 0.5671875 0.4296875 0.071875 0.04375
0 0.4109375 0.434375 0.075 0.0390625
0 0.6140625 0.44375 0.084375 0.0359375
0 0.6671875 0.453125 0.06875 0.034375
0 0.721875 0.465625 0.053125 0.046875
0 0.5953125 0.471875 0.0609375 0.0578125
0 0.521875 0.4859375 0.0484375 0.0578125
0 0.4640625 0.509375 0.059375 0.078125
0 0.71875 0.5203125 0.0609375 0.05625