0 0.346875 0.521875 0.10625 0.10625
0 0.459375 0.596875 0.09375 0.109375
0 0.3671875 0.115625 0.0546875 0.028125
0 0.4328125 0.175 0.03125 0.025
0 0.5078125 0.2296875 0.046875 0.0296875
0 0.4234375 0.25 0.053125 0.0421875
0 0.478125 0.2609375 0.0328125 0.0328125
0 0.5890625 0.2640625 0.046875 0.04375
0 0.528125 0.2796875 0.065625 0.03125
0 0.321875 0.3203125 0.0484375 0.0390625
0 0.671875 0.3265625 0.0578125 0.03125
0 0.6453125 0.3484375 0.05625 0.0328125
0 0.528125 0.35 0.065625 0.0328125
0 0.371875 0.359375 0.0828125 0.0421875
0 0.5625 0.36875 0.0828125 0.03125
0 0.69375 0.384375 0.04375 0.040625
0 0.6 0.3921875 0.0796875 0.0328125
0 0.578125 0.4203125 0.06875 0.0453125
0 0.6859375 0.4421875 0.0453125 0.053125
0 0.4890625 0.4484375 0.05625 0.0671875