0 0.353125 0.359375 0.096875 0.053125
0 0.5375 0.35078125 0.0578125 0.05625
0 0.60546875 0.34609375 0.071875 0.0546875
0 0.415625 0.38203125 0.078125 0.046875
0 0.65625 0.3875 0.078125 0.0515625
0 0.509375 0.40859375 0.065625 0.0515625
0 0.58125 0.403125 0.0921875 0.053125
0 0.68359375 0.41484375 0.0984375 0.0421875
0 0.44765625 0.4421875 0.0921875 0.0515625
0 0.54375 0.46640625 0.1015625 0.05
0 0.715625 0.4515625 0.090625 0.05
0 0.2859375 0.5109375 0.084375 0.0640625
0 0.3671875 0.52109375 0.08125 0.0625
0 0.44765625 0.5140625 0.0578125 0.08125
0 0.15625 0.54765625 0.1078125 0.109375
0 0.559375 0.51328125 0.0625 0.059375
0 0.31875 0.57578125 0.14375 0.0734375
0 0.5671875 0.58984375 0.0625 0.0859375
0 0.41953125 0.61875 0.0734375 0.0921875
0 0.5203125 0.640625 0.09375 0.0890625