0 0.68125 0.3734375 0.0796875 0.0515625
0 0.059375 0.465625 0.115625 0.0703125
0 0.8921875 0.38515625 0.078125 0.053125
0 0.771875 0.4140625 0.0640625 0.0453125
0 0.3984375 0.4734375 0.0609375 0.0578125
0 0.68984375 0.43359375 0.0765625 0.071875
0 0.48515625 0.471875 0.071875 0.059375
0 0.85859375 0.42578125 0.053125 0.05625
0 0.9328125 0.45625 0.0859375 0.05625
0 0.4546875 0.5234375 0.09375 0.0671875
0 0.59140625 0.5078125 0.10625 0.065625
0 0.83671875 0.4953125 0.103125 0.06875
0 0.94453125 0.48671875 0.0828125 0.05
0 0.8046875 0.56796875 0.121875 0.05625
0 0.81171875 0.6203125 0.0796875 0.09375
0 0.5140625 0.6765625 0.1453125 0.10625