0 0.5109375 0.534375 0.1203125 0.1
0 0.378125 0.559375 0.1171875 0.1484375
0 0.6109375 0.1984375 0.05 0.0390625
0 0.5296875 0.215625 0.0421875 0.034375
0 0.6921875 0.2265625 0.040625 0.046875
0 0.5671875 0.240625 0.0546875 0.0421875
0 0.6515625 0.2546875 0.0484375 0.0375
0 0.4296875 0.275 0.0390625 0.0484375
0 0.6359375 0.3203125 0.0828125 0.0375
0 0.4703125 0.321875 0.084375 0.0375
0 0.7484375 0.3421875 0.0640625 0.04375
0 0.6390625 0.353125 0.096875 0.0359375
0 0.7203125 0.371875 0.09375 0.05
0 0.68125 0.396875 0.0953125 0.0515625
0 0.5765625 0.4609375 0.0640625 0.0734375