0 0.49375 0.365625 0.0640625 0.0375
0 0.271875 0.3703125 0.0515625 0.040625
0 0.375 0.371875 0.025 0.0390625
0 0.321875 0.375 0.046875 0.028125
0 0.5328125 0.390625 0.03125 0.03125
0 0.4140625 0.3921875 0.0484375 0.034375
0 0.4921875 0.396875 0.040625 0.0359375
0 0.5625 0.446875 0.0390625 0.034375
0 0.4421875 0.4609375 0.046875 0.0578125
0 0.290625 0.475 0.0640625 0.0578125
0 0.5640625 0.4765625 0.0796875 0.0453125
0 0.4 0.4875 0.0796875 0.046875
0 0.459375 0.5171875 0.08125 0.0484375
0 0.503125 0.5578125 0.0859375 0.059375
0 0.346875 0.5921875 0.0578125 0.0828125
0 0.434375 0.6359375 0.06875 0.096875
0 0.05625 0.715625 0.1125 0.0984375
0 0.5734375 0.7203125 0.15625 0.065625