0 0.33984375 0.28671875 0.0875 0.046875
0 0.50546875 0.2734375 0.06875 0.053125
0 0.37734375 0.33359375 0.0546875 0.0578125
0 0.2234375 0.35 0.0578125 0.059375
0 0.48828125 0.3265625 0.0546875 0.0609375
0 0.4296875 0.34296875 0.04375 0.0609375
0 0.27265625 0.35859375 0.059375 0.06875
0 0.77109375 0.33359375 0.0796875 0.0921875
0 0.17734375 0.3953125 0.0875 0.0515625
0 0.4203125 0.3765625 0.071875 0.05
0 0.653125 0.3703125 0.0859375 0.0671875
0 0.5546875 0.38984375 0.078125 0.0734375
0 0.33515625 0.4109375 0.090625 0.06875
0 0.2234375 0.44140625 0.09375 0.0546875
0 0.5078125 0.44921875 0.0734375 0.08125
0 0.621875 0.44375 0.1390625 0.0734375
0 0.365625 0.46796875 0.1140625 0.078125
0 0.4890625 0.246875 0.0734375 0.040625
0 0.35390625 0.534375 0.1375 0.084375
0 0.421875 0.55703125 0.1109375 0.0765625
0 0.7828125 0.64921875 0.1484375 0.1375