0 0.27890625 0.6609375 0.090625 0.071875
0 0.5328125 0.71796875 0.1015625 0.1109375
0 0.4265625 0.3109375 0.0375 0.0421875
0 0.53671875 0.3140625 0.065625 0.0359375
0 0.53984375 0.3375 0.053125 0.0390625
0 0.45859375 0.35546875 0.0453125 0.05
0 0.6203125 0.3421875 0.0421875 0.046875
0 0.525 0.36796875 0.05625 0.040625
0 0.3609375 0.43046875 0.0890625 0.053125
0 0.70703125 0.39296875 0.059375 0.046875
0 0.5875 0.4171875 0.053125 0.05625
0 0.4296875 0.45078125 0.0734375 0.0578125
0 0.6453125 0.43984375 0.0671875 0.0546875
0 0.74296875 0.4421875 0.059375 0.0515625
0 0.5390625 0.4734375 0.0578125 0.059375
0 0.490625 0.5109375 0.053125 0.0828125