0 0.67265625 0.3828125 0.0921875 0.0359375
0 0.43515625 0.38203125 0.078125 0.040625
0 0.51796875 0.3828125 0.0671875 0.0375
0 0.6359375 0.40234375 0.0875 0.0390625
0 0.396875 0.425 0.0859375 0.0453125
0 0.5546875 0.43046875 0.059375 0.04375
0 0.65859375 0.4359375 0.0625 0.0375
0 0.47265625 0.43828125 0.08125 0.0515625
0 0.38203125 0.44921875 0.08125 0.040625
0 0.62265625 0.46640625 0.0828125 0.0421875
0 0.5203125 0.490625 0.0953125 0.0484375
0 0.77890625 0.528125 0.0875 0.0625
0 0.70078125 0.5453125 0.0796875 0.0625
0 0.62265625 0.54453125 0.05 0.0703125
0 0.52109375 0.54375 0.0625 0.0625
0 0.92734375 0.56875 0.090625 0.1046875
0 0.7453125 0.59453125 0.140625 0.075
0 0.51171875 0.6125 0.0578125 0.078125
0 0.66015625 0.6453125 0.0578125 0.103125
0 0.5578125 0.66328125 0.1046875 0.0859375