0 0.5453125 0.65859375 0.1046875 0.1171875
0 0.5578125 0.225 0.0359375 0.0296875
0 0.47265625 0.271875 0.0625 0.0375
0 0.5578125 0.28828125 0.0515625 0.0515625
0 0.3984375 0.3140625 0.0515625 0.0421875
0 0.4828125 0.32109375 0.0703125 0.04375
0 0.67109375 0.346875 0.04375 0.0578125
0 0.3203125 0.38671875 0.0609375 0.0546875
0 0.353125 0.40390625 0.06875 0.05
0 0.465625 0.39375 0.0703125 0.0453125
0 0.61875 0.38671875 0.0921875 0.0453125
0 0.41875 0.4125 0.0796875 0.0421875
0 0.30859375 0.44453125 0.0515625 0.065625
0 0.43203125 0.45390625 0.0515625 0.0578125
0 0.50546875 0.47578125 0.0625 0.065625
0 0.31875 0.509375 0.053125 0.046875
0 0.60859375 0.50234375 0.0796875 0.1