0 0.390625 0.309375 0.046875 0.0484375
0 0.6390625 0.3203125 0.04375 0.0453125
0 0.584375 0.3234375 0.0515625 0.0453125
0 0.4375 0.3421875 0.109375 0.0390625
0 0.7171875 0.3671875 0.0609375 0.0609375
0 0.4390625 0.3734375 0.046875 0.0453125
0 0.609375 0.375 0.0828125 0.046875
0 0.55 0.375 0.0484375 0.0421875
0 0.490625 0.4046875 0.075 0.0421875
0 0.7171875 0.4125 0.0734375 0.0375
0 0.584375 0.4390625 0.0921875 0.0421875
0 0.7375 0.44375 0.0859375 0.04375
0 0.3109375 0.45625 0.0765625 0.0625
0 0.1734375 0.4625 0.0765625 0.0734375
0 0.4703125 0.4640625 0.0828125 0.0671875
0 0.3984375 0.4734375 0.078125 0.071875
0 0.58125 0.496875 0.0515625 0.0640625
0 0.35 0.5203125 0.1171875 0.05625
0 0.4296875 0.5625 0.09375 0.078125
0 0.5953125 0.5671875 0.0765625 0.0765625
0 0.5421875 0.6015625 0.1078125 0.0578125
0 0.2078125 0.678125 0.0859375 0.0890625
0 0.178125 0.734375 0.134375 0.09375