0 0.27890625 0.5421875 0.1 0.0296875
0 0.27578125 0.565625 0.065625 0.04375
0 0.7359375 0.60859375 0.1109375 0.090625
0 0.4921875 0.72890625 0.1078125 0.1140625
0 0.54140625 0.3046875 0.0390625 0.046875
0 0.4171875 0.32265625 0.0609375 0.040625
0 0.42734375 0.35625 0.059375 0.0390625
0 0.50859375 0.35859375 0.0390625 0.04375
0 0.3515625 0.37265625 0.046875 0.0484375
0 0.44765625 0.38125 0.0484375 0.0359375
0 0.6109375 0.4109375 0.0640625 0.0515625
0 0.26875 0.4390625 0.0515625 0.053125
0 0.3859375 0.4421875 0.05 0.046875
0 0.29921875 0.4546875 0.0609375 0.0546875
0 0.55390625 0.44296875 0.065625 0.0625
0 0.29296875 0.475 0.0578125 0.0484375
0 0.36953125 0.475 0.053125 0.0625
0 0.4515625 0.475 0.046875 0.06875
0 0.24296875 0.49453125 0.053125 0.0453125
0 0.503125 0.4984375 0.0484375 0.075
0 0.30390625 0.5140625 0.0890625 0.0390625