0 0.5984375 0.39375 0.046875 0.0234375
0 0.7390625 0.4234375 0.0796875 0.0421875
0 0.640625 0.4390625 0.0453125 0.0609375
0 0.56875 0.4390625 0.04375 0.046875
0 0.7203125 0.4609375 0.0546875 0.0375
0 0.1984375 0.4734375 0.0953125 0.053125
0 0.2921875 0.48125 0.05625 0.0640625
0 0.9046875 0.4859375 0.06875 0.04375
0 0.7703125 0.49375 0.0703125 0.0375
0 0.2125 0.5203125 0.1109375 0.0484375
0 0.41875 0.5234375 0.0984375 0.040625
0 0.9375 0.525 0.059375 0.0546875
0 0.853125 0.534375 0.0921875 0.05
0 0.7453125 0.5375 0.075 0.0484375
0 0.65625 0.5390625 0.0875 0.0546875
0 0.7 0.596875 0.1234375 0.05
0 0.68125 0.6515625 0.103125 0.0453125
0 0.378125 0.696875 0.109375 0.090625