0 0.73125 0.5265625 0.078125 0.03125
0 0.73125 0.5609375 0.05625 0.0484375
0 0.2734375 0.63125 0.1078125 0.0609375
0 0.528125 0.7296875 0.1015625 0.1140625
0 0.4390625 0.3171875 0.05 0.028125
0 0.565625 0.328125 0.0546875 0.0234375
0 0.5703125 0.35625 0.053125 0.0359375
0 0.6453125 0.371875 0.040625 0.034375
0 0.5453125 0.3828125 0.0421875 0.0328125
0 0.390625 0.428125 0.06875 0.0359375
0 0.73125 0.43125 0.05 0.040625
0 0.615625 0.434375 0.040625 0.0484375
0 0.446875 0.446875 0.04375 0.0421875
0 0.6953125 0.4484375 0.06875 0.040625
0 0.6265625 0.46875 0.0484375 0.04375
0 0.703125 0.471875 0.03125 0.0515625
0 0.546875 0.471875 0.04375 0.0484375
0 0.6640625 0.4765625 0.040625 0.053125
0 0.7546875 0.48125 0.0515625 0.0484375
0 0.4984375 0.4953125 0.05 0.0546875
0 0.7109375 0.5 0.071875 0.0375