0 0.46015625 0.7 0.1140625 0.109375
0 0.4515625 0.275 0.0546875 0.0375
0 0.5625 0.31171875 0.078125 0.0515625
0 0.5453125 0.33671875 0.06875 0.040625
0 0.47734375 0.3390625 0.0515625 0.04375
0 0.63125 0.35546875 0.04375 0.046875
0 0.54296875 0.36328125 0.0671875 0.0421875
0 0.3703125 0.390625 0.0640625 0.05
0 0.70546875 0.42890625 0.0609375 0.0515625
0 0.6796875 0.4484375 0.0703125 0.04375
0 0.57421875 0.43671875 0.0765625 0.0515625
0 0.41796875 0.42578125 0.078125 0.046875
0 0.61953125 0.45625 0.0875 0.0453125
0 0.67109375 0.47109375 0.071875 0.040625
0 0.72421875 0.4890625 0.0578125 0.0515625
0 0.59765625 0.48203125 0.0671875 0.0640625
0 0.5234375 0.48828125 0.0546875 0.0625
0 0.46328125 0.50546875 0.0671875 0.084375
0 0.715625 0.54296875 0.0671875 0.0625