0 0.4609375 0.66015625 0.1015625 0.1140625
0 0.4328125 0.22734375 0.034375 0.028125
0 0.51875 0.27109375 0.0609375 0.0359375
0 0.43515625 0.290625 0.05 0.05
0 0.59453125 0.3109375 0.0515625 0.040625
0 0.5109375 0.3203125 0.0703125 0.0421875
0 0.32421875 0.353125 0.040625 0.0578125
0 0.67578125 0.38046875 0.059375 0.0515625
0 0.64296875 0.3984375 0.0671875 0.0484375
0 0.53125 0.3921875 0.0703125 0.04375
0 0.37734375 0.39140625 0.090625 0.0421875
0 0.578125 0.41015625 0.078125 0.0390625
0 0.6890625 0.43828125 0.05 0.0640625
0 0.56640625 0.4515625 0.05 0.05625
0 0.49375 0.47578125 0.0609375 0.0625
0 0.68125 0.503125 0.0515625 0.0453125
0 0.39140625 0.50625 0.0765625 0.0984375