0 0.453125 0.29453125 0.0640625 0.040625
0 0.3203125 0.31875 0.034375 0.0359375
0 0.54296875 0.29921875 0.0359375 0.03125
0 0.42109375 0.32109375 0.0484375 0.03125
0 0.52734375 0.3109375 0.0359375 0.0328125
0 0.4859375 0.33203125 0.0484375 0.034375
0 0.425 0.3640625 0.0453125 0.05
0 0.571875 0.365625 0.046875 0.046875
0 0.49921875 0.37734375 0.0578125 0.0375
0 0.321875 0.41015625 0.08125 0.0515625
0 0.56328125 0.40078125 0.0515625 0.0453125
0 0.4125 0.42578125 0.0765625 0.05625
0 0.52265625 0.4296875 0.0625 0.053125
0 0.3984375 0.4921875 0.1109375 0.0640625
0 0.54296875 0.47734375 0.0578125 0.06875
0 0.05078125 0.59609375 0.0828125 0.0765625
0 0.2109375 0.6359375 0.1625 0.09375
0 0.4859375 0.63046875 0.0921875 0.103125
0 0.6015625 0.6453125 0.115625 0.0828125