0 0.77734375 0.76171875 0.140625 0.0703125
0 0.49453125 0.39140625 0.0484375 0.046875
0 0.71484375 0.4328125 0.0375 0.0390625
0 0.59140625 0.428125 0.059375 0.0359375
0 0.51640625 0.43203125 0.0375 0.0390625
0 0.45625 0.43203125 0.0484375 0.0421875
0 0.66171875 0.46015625 0.05 0.0515625
0 0.58203125 0.46171875 0.0453125 0.0453125
0 0.74375 0.4828125 0.0609375 0.0375
0 0.6375 0.49609375 0.0390625 0.04375
0 0.14921875 0.4734375 0.071875 0.059375
0 0.03984375 0.47109375 0.0734375 0.053125
0 0.77109375 0.515625 0.0578125 0.0390625
0 0.81796875 0.51953125 0.0609375 0.04375
0 0.87265625 0.52578125 0.0546875 0.0375
0 0.7 0.53359375 0.0890625 0.0578125
0 0.83515625 0.55078125 0.1 0.0296875
0 0.2640625 0.5234375 0.0984375 0.0546875
0 0.60234375 0.54453125 0.09375 0.05
0 0.50234375 0.546875 0.0890625 0.071875
0 0.04609375 0.53125 0.071875 0.0640625
0 0.60625 0.59296875 0.13125 0.0609375
0 0.5578125 0.6453125 0.09375 0.0640625
0 0.25078125 0.7109375 0.0796875 0.1078125