0 0.13359375 0.52578125 0.05625 0.0375
0 0.15 0.56640625 0.0625 0.034375
0 0.146875 0.59375 0.0734375 0.0328125
0 0.41484375 0.5890625 0.0421875 0.0453125
0 0.3953125 0.62578125 0.0671875 0.059375
0 0.25078125 0.66953125 0.065625 0.0890625
0 0.45 0.65 0.0859375 0.059375
0 0.54453125 0.64140625 0.078125 0.06875
0 0.4296875 0.72734375 0.0796875 0.065625
0 0.19296875 0.403125 0.059375 0.0421875
0 0.159375 0.46953125 0.05 0.0390625
0 0.428125 0.45546875 0.0578125 0.034375
0 0.5765625 0.44765625 0.0578125 0.0515625
0 0.46171875 0.48046875 0.040625 0.0390625