0 0.3453125 0.3671875 0.0984375 0.0578125
0 0.52890625 0.34921875 0.059375 0.0578125
0 0.59765625 0.34140625 0.0734375 0.0578125
0 0.41015625 0.38671875 0.0796875 0.05
0 0.65 0.3796875 0.08125 0.0546875
0 0.5046875 0.4078125 0.06875 0.0546875
0 0.57578125 0.39921875 0.09375 0.0578125
0 0.67890625 0.40546875 0.0984375 0.046875
0 0.44453125 0.44453125 0.09375 0.05625
0 0.5421875 0.4640625 0.103125 0.05625
0 0.7125 0.43984375 0.0921875 0.0546875
0 0.28671875 0.521875 0.0875 0.06875
0 0.36796875 0.528125 0.084375 0.065625
0 0.4484375 0.51640625 0.0609375 0.0828125
0 0.15859375 0.565625 0.1125 0.1140625
0 0.56015625 0.51015625 0.065625 0.0625
0 0.32265625 0.58515625 0.146875 0.0796875
0 0.571875 0.5859375 0.0671875 0.0890625
0 0.42578125 0.62265625 0.0765625 0.0953125
0 0.52734375 0.63984375 0.0984375 0.0921875