0 0.390625 0.4046875 0.0484375 0.028125
0 0.25390625 0.44921875 0.084375 0.05
0 0.35390625 0.45390625 0.0515625 0.065625
0 0.425 0.446875 0.0484375 0.0515625
0 0.2765625 0.484375 0.0578125 0.04375
0 0.796875 0.4421875 0.1 0.0625
0 0.7046875 0.459375 0.0625 0.0703125
0 0.09609375 0.528125 0.0734375 0.05
0 0.23046875 0.521875 0.0734375 0.0453125
0 0.78828125 0.48984375 0.115625 0.059375
0 0.58359375 0.51484375 0.1015625 0.05
0 0.0671875 0.5703125 0.0640625 0.0609375
0 0.15234375 0.57109375 0.096875 0.059375
0 0.26015625 0.56328125 0.0796875 0.05625
0 0.3484375 0.55546875 0.0921875 0.0640625
0 0.3109375 0.6171875 0.128125 0.0625
0 0.3359375 0.66953125 0.1078125 0.05625
0 0.64140625 0.6828125 0.11875 0.1015625