0 0.73671875 0.63671875 0.0859375 0.0640625
0 0.48984375 0.7203125 0.0921875 0.1015625
0 0.553125 0.30390625 0.0328125 0.0390625
0 0.44375 0.31953125 0.0625 0.0296875
0 0.44375 0.34296875 0.05 0.034375
0 0.52578125 0.35234375 0.0421875 0.0453125
0 0.36328125 0.35546875 0.0375 0.0421875
0 0.46171875 0.37109375 0.053125 0.0359375
0 0.63125 0.41640625 0.084375 0.0453125
0 0.2828125 0.41484375 0.0546875 0.0421875
0 0.4046875 0.4265625 0.0484375 0.053125
0 0.56484375 0.44296875 0.06875 0.0515625
0 0.34921875 0.45546875 0.0640625 0.0484375
0 0.25234375 0.4671875 0.05625 0.046875
0 0.4578125 0.47734375 0.053125 0.0546875
0 0.5109375 0.509375 0.0453125 0.078125