0 0.4859375 0.378125 0.0390625 0.053125
0 0.459375 0.4109375 0.059375 0.040625
0 0.5703125 0.4421875 0.0640625 0.0234375
0 0.5046875 0.45 0.0828125 0.034375
0 0.4046875 0.45625 0.084375 0.04375
0 0.1859375 0.46875 0.1140625 0.065625
0 0.715625 0.471875 0.04375 0.0453125
0 0.540625 0.496875 0.0359375 0.053125
0 0.071875 0.5234375 0.1109375 0.0546875
0 0.6375 0.5265625 0.084375 0.0484375
0 0.7796875 0.5390625 0.0546875 0.0671875
0 0.440625 0.5578125 0.0734375 0.0734375
0 0.68125 0.5578125 0.0953125 0.0453125
0 0.5421875 0.5609375 0.0859375 0.0328125
0 0.7453125 0.5921875 0.0734375 0.078125
0 0.6078125 0.6046875 0.0875 0.05625
0 0.440625 0.6421875 0.1328125 0.0890625
0 0.6875 0.6875 0.11875 0.0890625