0 0.5484375 0.296875 0.06875 0.034375
0 0.7171875 0.303125 0.046875 0.0390625
0 0.66875 0.3046875 0.034375 0.0359375
0 0.45625 0.309375 0.046875 0.0484375
0 0.5828125 0.3125 0.046875 0.0296875
0 0.6296875 0.3171875 0.059375 0.0265625
0 0.503125 0.328125 0.03125 0.028125
0 0.565625 0.365625 0.0546875 0.0484375
0 0.428125 0.36875 0.05 0.0359375
0 0.5046875 0.38125 0.075 0.0296875
0 0.6796875 0.396875 0.1015625 0.053125
0 0.4375 0.4171875 0.040625 0.0546875
0 0.575 0.425 0.084375 0.0453125
0 0.475 0.4328125 0.071875 0.05
0 0.4703125 0.484375 0.075 0.05
0 0.6234375 0.49375 0.10625 0.0546875
0 0.9734375 0.54375 0.053125 0.090625
0 0.5484375 0.6125 0.0796875 0.10625
0 0.8640625 0.6125 0.128125 0.103125
0 0.421875 0.6625 0.1359375 0.10625