0 0.7078125 0.425 0.0796875 0.0515625
0 0.08359375 0.353125 0.115625 0.06875
0 0.90859375 0.490625 0.078125 0.053125
0 0.78515625 0.4875 0.0640625 0.04375
0 0.40859375 0.44765625 0.0609375 0.05625
0 0.7 0.48515625 0.0765625 0.0703125
0 0.49296875 0.46953125 0.071875 0.0578125
0 0.865625 0.52109375 0.053125 0.0546875
0 0.92890625 0.5703125 0.084375 0.0546875
0 0.45 0.5109375 0.09375 0.0671875
0 0.5859375 0.53125 0.10625 0.0640625
0 0.8265625 0.5828125 0.103125 0.0671875
0 0.9328125 0.60234375 0.0828125 0.0484375
0 0.7765625 0.64453125 0.121875 0.0546875
0 0.7703125 0.696875 0.078125 0.0921875
0 0.46796875 0.67421875 0.14375 0.1046875