0 0.234375 0.3953125 0.078125 0.059375
0 0.440625 0.3875 0.1109375 0.109375
0 0.15859375 0.42890625 0.1375 0.065625
0 0.025 0.4375 0.05 0.05625
0 0.05546875 0.47109375 0.1109375 0.0984375
0 0.1796875 0.5625 0.1484375 0.109375
0 0.60234375 0.54296875 0.1140625 0.1421875
0 0.41953125 0.575 0.196875 0.1078125
0 0.06953125 0.71015625 0.1078125 0.1328125
0 0.35625 0.71875 0.11875 0.153125
0 0.1546875 0.20859375 0.1546875 0.0671875
0 0.0265625 0.30703125 0.053125 0.0640625
0 0.18046875 0.31640625 0.1015625 0.0703125
0 0.046875 0.36796875 0.09375 0.0609375