0 0.7484375 0.72109375 0.14375 0.0765625
0 0.459375 0.3921875 0.0390625 0.0453125
0 0.49609375 0.403125 0.03125 0.034375
0 0.61796875 0.3953125 0.0265625 0.040625
0 0.67578125 0.3953125 0.0609375 0.0453125
0 0.5515625 0.409375 0.046875 0.034375
0 0.73125 0.403125 0.05625 0.034375
0 0.51796875 0.4515625 0.0921875 0.0453125
0 0.6515625 0.45703125 0.0515625 0.0484375
0 0.74375 0.45234375 0.0515625 0.040625
0 0.11953125 0.5109375 0.090625 0.05
0 0.58359375 0.49140625 0.05 0.0515625
0 0.6328125 0.49453125 0.046875 0.053125
0 0.32109375 0.5328125 0.1 0.059375
0 0.7328125 0.5109375 0.0484375 0.0546875
0 0.12578125 0.58125 0.078125 0.059375
0 0.50625 0.5515625 0.10625 0.0625
0 0.575 0.5640625 0.0546875 0.0640625
0 0.64609375 0.5765625 0.065625 0.0515625
0 0.51328125 0.63046875 0.11875 0.0765625
0 0.17265625 0.721875 0.0859375 0.10625