0 0.3140625 0.271875 0.0421875 0.0484375
0 0.3671875 0.28125 0.0578125 0.0421875
0 0.53203125 0.29453125 0.0921875 0.040625
0 0.2421875 0.3234375 0.0546875 0.05
0 0.50703125 0.334375 0.059375 0.05
0 0.35234375 0.33046875 0.05 0.0546875
0 0.39765625 0.33671875 0.0515625 0.05
0 0.28671875 0.340625 0.078125 0.040625
0 0.459375 0.3625 0.0796875 0.0484375
0 0.225 0.3703125 0.078125 0.0453125
0 0.7765625 0.409375 0.084375 0.075
0 0.5015625 0.403125 0.0515625 0.078125
0 0.359375 0.4 0.096875 0.053125
0 0.6546875 0.41015625 0.0828125 0.06875
0 0.565625 0.42265625 0.0765625 0.06875
0 0.215625 0.41484375 0.1046875 0.0515625
0 0.3703125 0.4625 0.0546875 0.071875
0 0.61015625 0.47421875 0.1140625 0.065625
0 0.5171875 0.50546875 0.06875 0.0890625
0 0.35234375 0.52890625 0.1109375 0.0875
0 0.40390625 0.565625 0.1125 0.0671875
0 0.74453125 0.62734375 0.1046875 0.0921875
0 0.55390625 0.2640625 0.0390625 0.05
0 0.76328125 0.7078125 0.1359375 0.125