0 0.50859375 0.53515625 0.1265625 0.1078125
0 0.37421875 0.55078125 0.1265625 0.15625
0 0.63203125 0.20703125 0.053125 0.0421875
0 0.54921875 0.21875 0.04375 0.0375
0 0.7109375 0.240625 0.04375 0.05
0 0.58515625 0.24609375 0.0578125 0.0453125
0 0.66796875 0.265625 0.0515625 0.040625
0 0.4453125 0.2703125 0.0421875 0.0515625
0 0.6484375 0.33046875 0.0859375 0.04375
0 0.4828125 0.3203125 0.0875 0.04375
0 0.75859375 0.36015625 0.0671875 0.0484375
0 0.64921875 0.36328125 0.0984375 0.0421875
0 0.72890625 0.3875 0.096875 0.05625
0 0.68828125 0.41015625 0.0984375 0.0578125
0 0.57890625 0.46640625 0.06875 0.078125