0 0.4140625 0.5328125 0.0609375 0.090625
0 0.4796875 0.28828125 0.0703125 0.0390625
0 0.4078125 0.32265625 0.0453125 0.0484375
0 0.5671875 0.31875 0.0546875 0.0515625
0 0.484375 0.33671875 0.0734375 0.0484375
0 0.30078125 0.4015625 0.0640625 0.0609375
0 0.65234375 0.36796875 0.0640625 0.046875
0 0.625 0.3890625 0.0703125 0.046875
0 0.5125 0.40625 0.0890625 0.0546875
0 0.3671875 0.43203125 0.090625 0.053125
0 0.56328125 0.41796875 0.0796875 0.046875
0 0.68046875 0.42109375 0.0515625 0.0578125
0 0.6265625 0.45234375 0.121875 0.0671875
0 0.49453125 0.48984375 0.06875 0.071875
0 0.67734375 0.4859375 0.0578125 0.059375