0 0.4625 0.61484375 0.0984375 0.1265625
0 0.3703125 0.11953125 0.0484375 0.0265625
0 0.45 0.18828125 0.0625 0.040625
0 0.51953125 0.23984375 0.0671875 0.0375
0 0.43515625 0.25703125 0.0578125 0.05
0 0.4890625 0.2703125 0.0453125 0.0453125
0 0.52890625 0.290625 0.065625 0.0421875
0 0.325 0.3140625 0.0453125 0.05625
0 0.67578125 0.34140625 0.0578125 0.0390625
0 0.53671875 0.35859375 0.08125 0.0484375
0 0.384375 0.35859375 0.0953125 0.046875
0 0.56953125 0.3828125 0.078125 0.04375
0 0.69453125 0.40390625 0.0359375 0.0546875
0 0.575 0.43359375 0.040625 0.0515625
0 0.68125 0.4640625 0.05625 0.0609375
0 0.4875 0.45390625 0.0515625 0.0734375
0 0.35234375 0.51015625 0.103125 0.1265625