0 0.3328125 0.5234375 0.0953125 0.10625
0 0.45 0.575 0.103125 0.1
0 0.446875 0.159375 0.0578125 0.04375
0 0.521875 0.2140625 0.0578125 0.04375
0 0.4390625 0.2375 0.053125 0.04375
0 0.6 0.2546875 0.034375 0.04375
0 0.484375 0.25625 0.0546875 0.046875
0 0.3375 0.3015625 0.0484375 0.0484375
0 0.6828125 0.3125 0.05 0.04375
0 0.546875 0.3359375 0.0828125 0.0359375
0 0.3875 0.3484375 0.08125 0.0421875
0 0.65625 0.3546875 0.065625 0.0421875
0 0.5671875 0.3625 0.09375 0.0390625
0 0.715625 0.3734375 0.0578125 0.053125
0 0.5890625 0.4109375 0.0875 0.0453125
0 0.6984375 0.434375 0.0515625 0.0609375
0 0.496875 0.4515625 0.0703125 0.065625