0 0.4828125 0.28515625 0.0765625 0.0390625
0 0.759375 0.3125 0.0609375 0.0515625
0 0.490625 0.321875 0.05625 0.0453125
0 0.60625 0.31953125 0.059375 0.05
0 0.71328125 0.328125 0.0734375 0.040625
0 0.54765625 0.3421875 0.0671875 0.0375
0 0.2171875 0.37421875 0.1015625 0.1
0 0.8 0.3578125 0.1046875 0.034375
0 0.53046875 0.38359375 0.10625 0.0515625
0 0.34765625 0.39140625 0.0765625 0.065625
0 0.65078125 0.38984375 0.103125 0.0765625
0 0.440625 0.40390625 0.08125 0.0625
0 0.7828125 0.40234375 0.1046875 0.04375
0 0.6296875 0.45 0.06875 0.0796875
0 0.38125 0.46171875 0.13125 0.0796875
0 0.48828125 0.48046875 0.065625 0.1015625
0 0.46640625 0.24765625 0.0578125 0.040625
0 0.65703125 0.51328125 0.1171875 0.084375
0 0.590625 0.55 0.1171875 0.078125
0 0.6375 0.2640625 0.0625 0.0578125