0 0.30234375 0.28125 0.0421875 0.046875
0 0.35546875 0.28828125 0.05625 0.0421875
0 0.52109375 0.29296875 0.090625 0.0390625
0 0.2328125 0.3375 0.0546875 0.05
0 0.4984375 0.334375 0.059375 0.05
0 0.34375 0.33828125 0.05 0.0546875
0 0.3890625 0.3421875 0.0515625 0.05
0 0.27890625 0.35234375 0.0765625 0.0390625
0 0.45234375 0.36484375 0.078125 0.046875
0 0.21796875 0.384375 0.0765625 0.04375
0 0.771875 0.3953125 0.0828125 0.0734375
0 0.496875 0.403125 0.05 0.078125
0 0.3546875 0.40703125 0.096875 0.0515625
0 0.65 0.40234375 0.0828125 0.0671875
0 0.5609375 0.41953125 0.0765625 0.0671875
0 0.2109375 0.4296875 0.1046875 0.05
0 0.36796875 0.46953125 0.053125 0.071875
0 0.60859375 0.46875 0.1140625 0.0640625
0 0.5171875 0.5046875 0.0671875 0.0890625
0 0.35390625 0.53671875 0.109375 0.0859375
0 0.4078125 0.5703125 0.1125 0.065625
0 0.75078125 0.6140625 0.103125 0.090625
0 0.54140625 0.26171875 0.0390625 0.0484375
0 0.7734375 0.69375 0.1328125 0.121875