0 0.6546875 0.50546875 0.1171875 0.1171875
0 0.55078125 0.5921875 0.1046875 0.11875
0 0.5921875 0.10390625 0.0578125 0.034375
0 0.5328125 0.16953125 0.034375 0.028125
0 0.4640625 0.23203125 0.05 0.034375
0 0.55 0.24375 0.0578125 0.046875
0 0.496875 0.26015625 0.0359375 0.0359375
0 0.38671875 0.275 0.0515625 0.0484375
0 0.44921875 0.28359375 0.06875 0.0375
0 0.65859375 0.30234375 0.0515625 0.04375
0 0.3109375 0.3453125 0.0609375 0.0375
0 0.33984375 0.36484375 0.059375 0.0390625
0 0.45625 0.35390625 0.06875 0.0390625
0 0.6125 0.346875 0.0875 0.05
0 0.42421875 0.37578125 0.0859375 0.0390625
0 0.2953125 0.40546875 0.0484375 0.0453125
0 0.3890625 0.403125 0.0828125 0.040625
0 0.4140625 0.42890625 0.0734375 0.0515625
0 0.309375 0.46171875 0.05 0.0578125
0 0.50546875 0.44765625 0.0625 0.0734375