0 0.48828125 0.70390625 0.1078125 0.1015625
0 0.4203125 0.28359375 0.053125 0.034375
0 0.53515625 0.3046875 0.075 0.046875
0 0.52265625 0.33203125 0.0671875 0.0359375
0 0.45546875 0.34375 0.05 0.040625
0 0.61015625 0.33828125 0.040625 0.0453125
0 0.5234375 0.35859375 0.065625 0.0375
0 0.35625 0.409375 0.0609375 0.0453125
0 0.69375 0.40078125 0.0578125 0.046875
0 0.67109375 0.4234375 0.06875 0.0390625
0 0.56484375 0.42734375 0.0734375 0.046875
0 0.40859375 0.4375 0.0765625 0.0421875
0 0.61171875 0.43984375 0.0859375 0.0390625
0 0.665625 0.44765625 0.0703125 0.0375
0 0.7203125 0.4578125 0.0546875 0.0484375
0 0.59453125 0.46875 0.0625 0.059375
0 0.52109375 0.48515625 0.05 0.059375
0 0.4640625 0.5109375 0.0625 0.0796875
0 0.71953125 0.5125 0.0625 0.0578125