0 0.5609375 0.525 0.1140625 0.0875
0 0.4328125 0.5609375 0.0828125 0.121875
0 0.63125 0.0671875 0.0671875 0.0359375
0 0.6671875 0.11875 0.05 0.0328125
0 0.7 0.1984375 0.0578125 0.04375
0 0.61875 0.20625 0.0421875 0.05
0 0.6484375 0.24375 0.046875 0.0421875
0 0.7421875 0.246875 0.0453125 0.0484375
0 0.509375 0.2578125 0.0640625 0.0609375
0 0.5484375 0.3171875 0.0984375 0.046875
0 0.725 0.3234375 0.09375 0.0375
0 0.715625 0.3578125 0.0921875 0.0515625
0 0.7484375 0.390625 0.0640625 0.0625
0 0.6484375 0.4578125 0.059375 0.1078125
0 0.2890625 0.478125 0.078125 0.109375