0 0.3828125 0.39609375 0.0515625 0.03125
0 0.55625 0.40859375 0.025 0.040625
0 0.36953125 0.43828125 0.0640625 0.03125
0 0.48984375 0.44375 0.0390625 0.0328125
0 0.40703125 0.4640625 0.0421875 0.0328125
0 0.5109375 0.478125 0.0671875 0.028125
0 0.5640625 0.48515625 0.0609375 0.0390625
0 0.6765625 0.49375 0.03125 0.046875
0 0.6296875 0.50390625 0.0515625 0.05625
0 0.053125 0.5125 0.0765625 0.0359375
0 0.52578125 0.52421875 0.0859375 0.0390625
0 0.39765625 0.54375 0.103125 0.053125
0 0.5015625 0.575 0.075 0.0484375
0 0.2578125 0.60234375 0.0859375 0.0796875
0 0.44296875 0.61796875 0.0625 0.065625
0 0.60078125 0.7296875 0.1296875 0.0515625