0 0.8703125 0.34453125 0.0578125 0.05
0 0.72890625 0.3546875 0.05 0.0578125
0 0.6890625 0.36953125 0.05 0.0609375
0 0.81953125 0.3875 0.065625 0.0515625
0 0.71328125 0.415625 0.084375 0.05
0 0.921875 0.40625 0.084375 0.0578125
0 0.50859375 0.42734375 0.090625 0.0453125
0 0.40703125 0.453125 0.1 0.0671875
0 0.840625 0.43046875 0.05625 0.05
0 0.79453125 0.4453125 0.0609375 0.0546875
0 0.69375 0.45859375 0.090625 0.05
0 0.9078125 0.45390625 0.05625 0.0609375
0 0.8703125 0.48828125 0.059375 0.0765625
0 0.72109375 0.50546875 0.0921875 0.0609375
0 0.9703125 0.50703125 0.059375 0.0765625
0 0.821875 0.5171875 0.1140625 0.0546875
0 0.53671875 0.5484375 0.0765625 0.0890625
0 0.6328125 0.55234375 0.059375 0.0859375
0 0.71796875 0.575 0.0984375 0.0890625
0 0.59609375 0.6375 0.090625 0.0921875
0 0.68359375 0.665625 0.1125 0.0640625
0 0.365625 0.68515625 0.0828125 0.10625