0 0.28125 0.7171875 0.1453125 0.06875
0 0.79765625 0.78046875 0.0890625 0.0859375
0 0.58984375 0.41015625 0.0625 0.034375
0 0.3859375 0.40234375 0.0375 0.034375
0 0.58515625 0.43671875 0.040625 0.034375
0 0.52734375 0.43125 0.06875 0.0484375
0 0.4359375 0.43359375 0.0390625 0.0421875
0 0.3765625 0.44375 0.0609375 0.040625
0 0.51328125 0.4671875 0.05625 0.0484375
0 0.3375 0.4640625 0.059375 0.0359375
0 0.4578125 0.48203125 0.04375 0.05
0 0.23515625 0.4671875 0.06875 0.05
0 0.925 0.56328125 0.1078125 0.0703125
0 0.28046875 0.4953125 0.0578125 0.0359375
0 0.38984375 0.51171875 0.0921875 0.053125
0 0.49765625 0.5453125 0.0984375 0.053125
0 0.846875 0.59921875 0.1 0.0625
0 0.603125 0.58515625 0.1296875 0.0734375
0 0.45546875 0.5828125 0.115625 0.0609375
0 0.49375 0.6390625 0.1015625 0.0765625