0 0.69375 0.278125 0.040625 0.046875
0 0.640625 0.2859375 0.05625 0.040625
0 0.475 0.29375 0.090625 0.0375
0 0.7640625 0.3328125 0.053125 0.0484375
0 0.4984375 0.334375 0.0578125 0.0484375
0 0.653125 0.3359375 0.0484375 0.053125
0 0.6078125 0.340625 0.05 0.0484375
0 0.71875 0.3484375 0.0765625 0.0375
0 0.5453125 0.3640625 0.078125 0.0453125
0 0.7796875 0.3796875 0.0765625 0.0421875
0 0.2265625 0.4 0.08125 0.071875
0 0.5015625 0.403125 0.0484375 0.0765625
0 0.64375 0.4046875 0.0953125 0.05
0 0.3484375 0.4046875 0.08125 0.065625
0 0.4375 0.4203125 0.075 0.065625
0 0.7875 0.425 0.103125 0.0484375
0 0.63125 0.4671875 0.0515625 0.0703125
0 0.390625 0.4703125 0.1125 0.0625
0 0.4828125 0.5046875 0.065625 0.0875
0 0.646875 0.534375 0.1078125 0.084375
0 0.59375 0.56875 0.1109375 0.0640625
0 0.2515625 0.61875 0.1015625 0.0890625
0 0.4546875 0.2625 0.0375 0.0484375
0 0.2296875 0.6984375 0.13125 0.1203125