0 0.721875 0.53828125 0.1 0.028125
0 0.725 0.56171875 0.0640625 0.0421875
0 0.265625 0.6125 0.109375 0.0875
0 0.51171875 0.72890625 0.10625 0.1125
0 0.45546875 0.30546875 0.0375 0.0453125
0 0.5796875 0.32109375 0.059375 0.0390625
0 0.5703125 0.3546875 0.059375 0.0375
0 0.48828125 0.35859375 0.0375 0.0421875
0 0.64609375 0.3703125 0.0453125 0.046875
0 0.55 0.38046875 0.0484375 0.0359375
0 0.3875 0.4125 0.0640625 0.05
0 0.73046875 0.43515625 0.0515625 0.053125
0 0.6125 0.43984375 0.0484375 0.046875
0 0.7 0.45078125 0.0609375 0.053125
0 0.4453125 0.44375 0.065625 0.0609375
0 0.70625 0.471875 0.05625 0.0484375
0 0.6296875 0.47265625 0.0515625 0.0625
0 0.5484375 0.47421875 0.0453125 0.0671875
0 0.75703125 0.48984375 0.0515625 0.0453125
0 0.496875 0.4984375 0.046875 0.0734375
0 0.696875 0.51015625 0.0890625 0.0375