0 0.7265625 0.26875 0.1140625 0.075
0 0.80546875 0.271875 0.05 0.0578125
0 0.4890625 0.3203125 0.096875 0.0703125
0 0.865625 0.28828125 0.071875 0.0640625
0 0.61484375 0.36171875 0.0875 0.084375
0 0.93828125 0.3375 0.096875 0.0625
0 0.48828125 0.40390625 0.0875 0.0875
0 0.8203125 0.38828125 0.1359375 0.0875
0 0.34296875 0.50390625 0.10625 0.090625
0 0.4796875 0.50234375 0.1046875 0.1140625
0 0.2390625 0.54140625 0.0859375 0.090625
0 0.6078125 0.5421875 0.1953125 0.1046875
0 0.35703125 0.57890625 0.11875 0.10625
0 0.9140625 0.54609375 0.171875 0.1109375
0 0.68359375 0.70078125 0.1484375 0.10625