0 0.6125 0.32734375 0.096875 0.0703125
0 0.4140625 0.365625 0.1765625 0.1140625
0 0.328125 0.4296875 0.0953125 0.1390625
0 0.15859375 0.42734375 0.065625 0.1265625
0 0.82421875 0.47734375 0.0828125 0.0890625
0 0.70859375 0.47109375 0.1390625 0.0890625
0 0.54140625 0.4875 0.2140625 0.09375
0 0.75234375 0.54609375 0.2265625 0.0921875
0 0.75859375 0.58515625 0.1703125 0.1265625
0 0.2671875 0.6265625 0.125 0.16875
0 0.6921875 0.66875 0.165625 0.109375
0 0.471875 0.6578125 0.178125 0.178125
0 0.66953125 0.24375 0.0796875 0.0859375