0 0.58125 0.740625 0.1109375 0.053125
0 0.6796875 0.56875 0.065625 0.0453125
0 0.571875 0.584375 0.0484375 0.0453125
0 0.5265625 0.6 0.0546875 0.0578125
0 0.6515625 0.6078125 0.0421875 0.0578125
0 0.7203125 0.6109375 0.0484375 0.0390625
0 0.684375 0.6296875 0.0484375 0.040625
0 0.5578125 0.6421875 0.0640625 0.04375
0 0.6328125 0.6515625 0.0453125 0.05
0 0.7296875 0.66875 0.0390625 0.0640625
0 0.5125 0.66875 0.0703125 0.0515625
0 0.6921875 0.6921875 0.075 0.0671875
0 0.7859375 0.6953125 0.053125 0.0671875
0 0.33125 0.703125 0.115625 0.0734375
0 0.48125 0.725 0.0953125 0.059375