0 0.690625 0.7421875 0.140625 0.0515625
0 0.1703125 0.7421875 0.0796875 0.0765625
0 0.421875 0.4 0.059375 0.0265625
0 0.625 0.4171875 0.034375 0.0296875
0 0.4234375 0.4265625 0.0375 0.0296875
0 0.48125 0.428125 0.0640625 0.040625
0 0.571875 0.4421875 0.034375 0.0375
0 0.6296875 0.459375 0.0578125 0.034375
0 0.490625 0.465625 0.0515625 0.0421875
0 0.665625 0.484375 0.05625 0.0296875
0 0.54375 0.4875 0.0390625 0.0453125
0 0.7671875 0.5 0.0640625 0.0421875
0 0.0703125 0.5109375 0.1015625 0.0578125
0 0.71875 0.521875 0.0546875 0.0296875
0 0.6078125 0.525 0.0875 0.0421875
0 0.496875 0.5453125 0.09375 0.0421875
0 0.14375 0.55625 0.09375 0.0515625
0 0.3875 0.571875 0.1234375 0.059375
0 0.534375 0.5875 0.1109375 0.0484375
0 0.4890625 0.6390625 0.09375 0.065625