0 0.4703125 0.6171875 0.090625 0.1203125
0 0.34375 0.1296875 0.046875 0.0234375
0 0.428125 0.1921875 0.059375 0.0359375
0 0.5015625 0.2390625 0.065625 0.0328125
0 0.41875 0.2625 0.0546875 0.046875
0 0.4734375 0.271875 0.0421875 0.0421875
0 0.5140625 0.2890625 0.0625 0.0375
0 0.3125 0.3265625 0.0421875 0.053125
0 0.6640625 0.3296875 0.0546875 0.0359375
0 0.5265625 0.35625 0.078125 0.04375
0 0.375 0.3671875 0.0921875 0.040625
0 0.5609375 0.378125 0.075 0.0390625
0 0.6875 0.390625 0.0328125 0.053125
0 0.5703125 0.428125 0.0375 0.0484375
0 0.678125 0.4515625 0.0515625 0.0578125
0 0.484375 0.4546875 0.046875 0.0703125
0 0.353125 0.5203125 0.0953125 0.1203125