0 0.84375 0.44765625 0.0390625 0.0671875
0 0.88828125 0.4640625 0.0453125 0.05
0 0.57109375 0.45078125 0.0796875 0.0515625
0 0.94140625 0.496875 0.0515625 0.0640625
0 0.8890625 0.5328125 0.053125 0.075
0 0.46796875 0.515625 0.065625 0.0828125
0 0.61796875 0.540625 0.10625 0.0609375
0 0.9671875 0.57578125 0.0609375 0.05
0 0.82109375 0.6109375 0.1125 0.0875
0 0.95546875 0.63984375 0.078125 0.0578125
0 0.95859375 0.69921875 0.065625 0.059375
0 0.5 0.68125 0.15 0.08125
0 0.80703125 0.70078125 0.1609375 0.10625