0 0.7234375 0.5265625 0.0984375 0.0234375
0 0.728125 0.55 0.0625 0.0390625
0 0.271875 0.625 0.1046875 0.0828125
0 0.5234375 0.728125 0.1 0.1078125
0 0.4453125 0.3078125 0.0359375 0.04375
0 0.5703125 0.3171875 0.0578125 0.0359375
0 0.5625 0.3515625 0.0578125 0.034375
0 0.48125 0.359375 0.0359375 0.040625
0 0.6390625 0.3625 0.04375 0.0453125
0 0.54375 0.378125 0.046875 0.0328125
0 0.3828125 0.41875 0.0609375 0.046875
0 0.7265625 0.4234375 0.0484375 0.05
0 0.609375 0.434375 0.046875 0.04375
0 0.696875 0.440625 0.0578125 0.05
0 0.4421875 0.446875 0.0625 0.0578125
0 0.7046875 0.4609375 0.0546875 0.0453125
0 0.628125 0.465625 0.0484375 0.059375
0 0.546875 0.471875 0.0421875 0.065625
0 0.75625 0.4765625 0.05 0.0421875
0 0.496875 0.4984375 0.04375 0.071875
0 0.696875 0.5 0.0875 0.0328125