0 0.878125 0.3640625 0.0546875 0.046875
0 0.7359375 0.3671875 0.046875 0.0546875
0 0.6953125 0.3796875 0.046875 0.0578125
0 0.825 0.4046875 0.0625 0.0484375
0 0.7171875 0.4265625 0.0828125 0.0453125
0 0.9265625 0.428125 0.08125 0.053125
0 0.5125 0.428125 0.0890625 0.040625
0 0.409375 0.4484375 0.096875 0.0625
0 0.84375 0.4484375 0.053125 0.046875
0 0.796875 0.4609375 0.0578125 0.0515625
0 0.6953125 0.46875 0.0890625 0.0453125
0 0.909375 0.475 0.053125 0.0578125
0 0.8703125 0.5078125 0.05625 0.0734375
0 0.7203125 0.5171875 0.0890625 0.05625
0 0.9703125 0.5328125 0.0578125 0.0734375
0 0.8203125 0.534375 0.1109375 0.0484375
0 0.534375 0.55 0.071875 0.0859375
0 0.6296875 0.559375 0.0546875 0.0828125
0 0.7140625 0.5859375 0.09375 0.084375
0 0.5890625 0.6421875 0.0859375 0.0875
0 0.675 0.675 0.109375 0.0578125
0 0.35625 0.678125 0.078125 0.1015625