0 0.5234375 0.61875 0.096875 0.125
0 0.67578125 0.13828125 0.0484375 0.0265625
0 0.5875 0.19609375 0.0609375 0.0390625
0 0.51171875 0.2390625 0.0671875 0.0359375
0 0.59375 0.2671875 0.0578125 0.05
0 0.53828125 0.2734375 0.04375 0.04375
0 0.496875 0.28828125 0.0640625 0.040625
0 0.69609375 0.33671875 0.0453125 0.0546875
0 0.3453125 0.32109375 0.05625 0.0390625
0 0.48125 0.3546875 0.0796875 0.0484375
0 0.63203125 0.37421875 0.09375 0.0453125
0 0.4453125 0.375 0.0765625 0.0421875
0 0.31875 0.38125 0.0359375 0.0546875
0 0.43359375 0.42421875 0.040625 0.05
0 0.325 0.4421875 0.0546875 0.0609375
0 0.51796875 0.45546875 0.05 0.0734375
0 0.6453125 0.528125 0.1015625 0.125