0 0.696875 0.4 0.075 0.0421875
0 0.06875 0.4046875 0.109375 0.05625
0 0.9046875 0.440625 0.0734375 0.04375
0 0.78125 0.453125 0.059375 0.0375
0 0.403125 0.459375 0.0546875 0.05
0 0.696875 0.4609375 0.06875 0.0625
0 0.4890625 0.4703125 0.065625 0.05
0 0.865625 0.4765625 0.046875 0.05
0 0.934375 0.5171875 0.0796875 0.0453125
0 0.4515625 0.5171875 0.0875 0.05625
0 0.5890625 0.5203125 0.1 0.0515625
0 0.834375 0.5421875 0.096875 0.05625
0 0.9421875 0.5484375 0.078125 0.0390625
0 0.7921875 0.609375 0.1171875 0.040625
0 0.7921875 0.6625 0.06875 0.084375
0 0.4890625 0.6765625 0.134375 0.0890625