0 0.4375 0.5203125 0.1203125 0.0953125
0 0.5625 0.565625 0.090625 0.128125
0 0.39921875 0.059375 0.06875 0.040625
0 0.36015625 0.1078125 0.0515625 0.0359375
0 0.321875 0.18515625 0.0609375 0.0484375
0 0.40234375 0.1984375 0.0453125 0.053125
0 0.36953125 0.234375 0.05 0.0453125
0 0.27578125 0.23046875 0.0484375 0.0515625
0 0.5078125 0.2578125 0.06875 0.065625
0 0.4640625 0.3140625 0.1015625 0.053125
0 0.2875 0.3078125 0.096875 0.04375
0 0.29453125 0.34296875 0.0953125 0.0578125
0 0.26015625 0.3734375 0.06875 0.0671875
0 0.3546875 0.44765625 0.0671875 0.1109375
0 0.71171875 0.49296875 0.0859375 0.1140625