0 0.1328125 0.4875 0.053125 0.0328125
0 0.1453125 0.5296875 0.059375 0.028125
0 0.1390625 0.55625 0.071875 0.025
0 0.40625 0.5796875 0.0375 0.0421875
0 0.3828125 0.6140625 0.0625 0.053125
0 0.234375 0.6421875 0.0578125 0.0828125
0 0.434375 0.64375 0.08125 0.0515625
0 0.5296875 0.6453125 0.071875 0.0609375
0 0.40625 0.71875 0.0734375 0.0578125
0 0.2046875 0.371875 0.05625 0.0359375
0 0.1640625 0.434375 0.046875 0.034375
0 0.4328125 0.4484375 0.0546875 0.028125
0 0.58125 0.45625 0.053125 0.046875
0 0.4640625 0.4765625 0.0375 0.0359375