0 0.34375 0.55234375 0.1046875 0.1234375
0 0.47734375 0.55546875 0.1171875 0.115625
0 0.52265625 0.20390625 0.0640625 0.0453125
0 0.44453125 0.22734375 0.053125 0.0578125
0 0.6125 0.22734375 0.0515625 0.0546875
0 0.484375 0.25 0.0515625 0.05
0 0.56015625 0.253125 0.0671875 0.0421875
0 0.34765625 0.30546875 0.04375 0.0453125
0 0.6921875 0.28359375 0.0765625 0.05625
0 0.675 0.30859375 0.059375 0.0484375
0 0.56796875 0.321875 0.0890625 0.04375
0 0.3953125 0.34453125 0.090625 0.0421875
0 0.56875 0.3453125 0.0875 0.0484375
0 0.60625 0.38984375 0.0984375 0.0609375
0 0.52109375 0.44453125 0.0859375 0.0828125