0 0.52578125 0.63671875 0.078125 0.0984375
0 0.503125 0.253125 0.0546875 0.034375
0 0.58828125 0.2765625 0.05625 0.04375
0 0.52421875 0.28125 0.0484375 0.0375
0 0.42890625 0.284375 0.0390625 0.0359375
0 0.49375 0.303125 0.0640625 0.034375
0 0.34140625 0.34375 0.0609375 0.0296875
0 0.68671875 0.3515625 0.0484375 0.0453125
0 0.36640625 0.36484375 0.059375 0.046875
0 0.48515625 0.371875 0.084375 0.0328125
0 0.62734375 0.38359375 0.1046875 0.0453125
0 0.440625 0.38828125 0.078125 0.0375
0 0.37109375 0.38671875 0.06875 0.034375
0 0.3171875 0.403125 0.034375 0.046875
0 0.43828125 0.43359375 0.0359375 0.05625
0 0.36796875 0.43515625 0.0921875 0.0375
0 0.51484375 0.4609375 0.053125 0.078125
0 0.32109375 0.4640625 0.0515625 0.0515625
0 0.63125 0.51484375 0.096875 0.09375