0 0.6671875 0.3640625 0.0640625 0.0453125
0 0.5078125 0.396875 0.0515625 0.053125
0 0.634375 0.409375 0.04375 0.04375
0 0.7171875 0.4171875 0.065625 0.053125
0 0.61875 0.4609375 0.05 0.053125
0 0.71875 0.465625 0.0515625 0.0546875
0 0.39375 0.46875 0.09375 0.04375
0 0.528125 0.484375 0.09375 0.04375
0 0.2640625 0.5015625 0.0859375 0.053125
0 0.6921875 0.503125 0.0578125 0.06875
0 0.6421875 0.528125 0.090625 0.0515625
0 0.515625 0.534375 0.1125 0.046875
0 0.378125 0.5984375 0.0859375 0.0734375
0 0.5640625 0.6015625 0.1125 0.0609375
0 0.4578125 0.6109375 0.0640625 0.0734375
0 0.4234375 0.6859375 0.0703125 0.084375
0 0.525 0.6921875 0.1171875 0.0609375