0 0.87109375 0.43515625 0.0953125 0.0484375
0 0.2296875 0.38203125 0.0765625 0.0515625
0 0.953125 0.4640625 0.0828125 0.05
0 0.1140625 0.43046875 0.046875 0.0546875
0 0.18203125 0.4421875 0.1171875 0.0609375
0 0.47421875 0.46796875 0.0546875 0.0515625
0 0.3984375 0.4609375 0.053125 0.0546875
0 0.24765625 0.496875 0.11875 0.053125
0 0.403125 0.51796875 0.090625 0.0640625
0 0.0359375 0.50625 0.071875 0.08125
0 0.11796875 0.5828125 0.09375 0.0640625
0 0.4234375 0.65625 0.1640625 0.0953125
0 0.07265625 0.65390625 0.0734375 0.096875