0 0.6 0.3203125 0.0921875 0.0640625
0 0.4046875 0.371875 0.1703125 0.103125
0 0.3234375 0.4421875 0.0859375 0.1328125
0 0.1546875 0.4515625 0.0578125 0.1234375
0 0.821875 0.4546875 0.0765625 0.084375
0 0.70625 0.45625 0.134375 0.0796875
0 0.540625 0.484375 0.209375 0.0796875
0 0.7546875 0.528125 0.221875 0.0765625
0 0.7640625 0.5671875 0.1625 0.115625
0 0.2765625 0.6421875 0.1140625 0.1609375
0 0.703125 0.6546875 0.159375 0.0984375
0 0.4828125 0.659375 0.1671875 0.1671875
0 0.6515625 0.2328125 0.0734375 0.08125