0 0.503125 0.365625 0.0671875 0.0421875
0 0.28125 0.3546875 0.0546875 0.04375
0 0.384375 0.36328125 0.028125 0.040625
0 0.33125 0.3625 0.0484375 0.03125
0 0.540625 0.39296875 0.0328125 0.0328125
0 0.421875 0.38671875 0.05 0.0375
0 0.49921875 0.396875 0.04375 0.0390625
0 0.56640625 0.4515625 0.040625 0.0375
0 0.4453125 0.45703125 0.0515625 0.0609375
0 0.29296875 0.46015625 0.0671875 0.0625
0 0.565625 0.48125 0.0828125 0.05
0 0.40078125 0.48046875 0.0828125 0.0515625
0 0.45859375 0.5140625 0.084375 0.0546875
0 0.49921875 0.5578125 0.090625 0.065625
0 0.340625 0.58125 0.0640625 0.0859375
0 0.425 0.63125 0.075 0.1015625
0 0.05078125 0.684375 0.1015625 0.10625
0 0.5578125 0.725 0.1609375 0.0765625