0 0.5203125 0.37890625 0.0421875 0.0546875
0 0.5453125 0.41328125 0.0609375 0.04375
0 0.4328125 0.43828125 0.065625 0.0265625
0 0.49765625 0.45 0.084375 0.0390625
0 0.59765625 0.4609375 0.0859375 0.0484375
0 0.815625 0.48515625 0.1171875 0.071875
0 0.2859375 0.4609375 0.0453125 0.046875
0 0.459375 0.49453125 0.0390625 0.0546875
0 0.9265625 0.54609375 0.1140625 0.0609375
0 0.3609375 0.51953125 0.0875 0.053125
0 0.21875 0.52421875 0.0578125 0.0703125
0 0.55625 0.5609375 0.0765625 0.0765625
0 0.315625 0.5484375 0.096875 0.05
0 0.4546875 0.55859375 0.0875 0.0375
0 0.25 0.57890625 0.078125 0.08125
0 0.38671875 0.59921875 0.090625 0.0609375
0 0.5515625 0.6453125 0.1375 0.0953125
0 0.303125 0.67734375 0.1234375 0.0953125