0 0.31796875 0.3984375 0.0953125 0.04375
0 0.5546875 0.3765625 0.08125 0.046875
0 0.471875 0.38515625 0.0703125 0.0421875
0 0.35625 0.41484375 0.090625 0.046875
0 0.59609375 0.41640625 0.090625 0.053125
0 0.43984375 0.4359375 0.0640625 0.0484375
0 0.3359375 0.45 0.065625 0.0421875
0 0.521875 0.43671875 0.084375 0.0578125
0 0.61328125 0.4390625 0.084375 0.046875
0 0.375 0.47734375 0.0859375 0.0484375
0 0.47890625 0.49296875 0.0984375 0.05625
0 0.22421875 0.55234375 0.0921875 0.0703125
0 0.30390625 0.56328125 0.084375 0.06875
0 0.38203125 0.5546875 0.0546875 0.0734375
0 0.4828125 0.54609375 0.0671875 0.0671875
0 0.08046875 0.60546875 0.1 0.1125
0 0.2640625 0.615625 0.1453125 0.0859375
0 0.49765625 0.61328125 0.0640625 0.08125
0 0.353125 0.65859375 0.0671875 0.10625
0 0.45625 0.66796875 0.1109375 0.0953125