0 0.5078125 0.3421875 0.046875 0.0328125
0 0.3734375 0.3453125 0.06875 0.040625
0 0.609375 0.35 0.04375 0.0328125
0 0.4296875 0.353125 0.05 0.0375
0 0.659375 0.359375 0.0328125 0.040625
0 0.5703125 0.3640625 0.059375 0.0296875
0 0.628125 0.3765625 0.0390625 0.0296875
0 0.5296875 0.3953125 0.0515625 0.0390625
0 0.65625 0.428125 0.05625 0.034375
0 0.428125 0.4328125 0.0828125 0.0390625
0 0.5875 0.4375 0.0515625 0.0359375
0 0.503125 0.4640625 0.0828125 0.04375
0 0.6515625 0.465625 0.0703125 0.0359375
0 0.615625 0.4765625 0.046875 0.05
0 0.503125 0.51875 0.1125 0.05
0 0.6203125 0.5296875 0.0421875 0.053125
0 0.153125 0.5796875 0.078125 0.0828125
0 0.334375 0.5859375 0.1 0.0921875
0 0.65 0.7109375 0.1171875 0.0890625
0 0.553125 0.7265625 0.1 0.1078125