0 0.46875 0.38125 0.0453125 0.0578125
0 0.44765625 0.4171875 0.0640625 0.0484375
0 0.56171875 0.4328125 0.0671875 0.0328125
0 0.49765625 0.45 0.0875 0.0453125
0 0.39921875 0.4703125 0.0890625 0.0546875
0 0.184375 0.5125 0.121875 0.08125
0 0.709375 0.4421875 0.05 0.0515625
0 0.53984375 0.49140625 0.04375 0.0578125
0 0.0796875 0.5828125 0.1171875 0.0703125
0 0.63984375 0.50703125 0.090625 0.059375
0 0.78203125 0.5 0.0640625 0.0734375
0 0.44921875 0.565625 0.0828125 0.0828125
0 0.6875 0.53203125 0.1 0.0578125
0 0.55 0.5546875 0.0890625 0.04375
0 0.75546875 0.55703125 0.084375 0.0875
0 0.62109375 0.58828125 0.09375 0.0671875
0 0.4609375 0.64921875 0.14375 0.10625
0 0.71171875 0.659375 0.1296875 0.1046875