0 0.471875 0.6359375 0.0765625 0.096875
0 0.5015625 0.253125 0.0546875 0.0328125
0 0.415625 0.275 0.05625 0.0421875
0 0.4796875 0.28125 0.0484375 0.0359375
0 0.575 0.2859375 0.0390625 0.0359375
0 0.509375 0.303125 0.0640625 0.0328125
0 0.6609375 0.346875 0.0609375 0.028125
0 0.315625 0.3484375 0.0484375 0.04375
0 0.6359375 0.3671875 0.0578125 0.0453125
0 0.5171875 0.371875 0.084375 0.03125
0 0.375 0.38125 0.1046875 0.04375
0 0.5609375 0.3890625 0.078125 0.0359375
0 0.63125 0.3890625 0.06875 0.0328125
0 0.684375 0.40625 0.0328125 0.046875
0 0.5625 0.434375 0.034375 0.05625
0 0.6328125 0.4375 0.0921875 0.0359375
0 0.4859375 0.4609375 0.0515625 0.0765625
0 0.6796875 0.4671875 0.05 0.05
0 0.36875 0.5125 0.0953125 0.0921875