0 0.3328125 0.3640625 0.0640625 0.0453125
0 0.4921875 0.396875 0.0515625 0.053125
0 0.365625 0.409375 0.04375 0.04375
0 0.2828125 0.4171875 0.065625 0.053125
0 0.38125 0.4609375 0.05 0.053125
0 0.28125 0.465625 0.0515625 0.0546875
0 0.60625 0.46875 0.09375 0.04375
0 0.471875 0.484375 0.09375 0.04375
0 0.7359375 0.5015625 0.0859375 0.053125
0 0.3078125 0.503125 0.0578125 0.06875
0 0.3578125 0.528125 0.090625 0.0515625
0 0.484375 0.534375 0.1125 0.046875
0 0.621875 0.5984375 0.0859375 0.0734375
0 0.4359375 0.6015625 0.1125 0.0609375
0 0.5421875 0.6109375 0.0640625 0.0734375
0 0.5765625 0.6859375 0.0703125 0.084375
0 0.475 0.6921875 0.1171875 0.0609375