0 0.246875 0.2984375 0.1078125 0.0625
0 0.16875 0.3109375 0.04375 0.053125
0 0.4890625 0.3203125 0.090625 0.059375
0 0.1109375 0.334375 0.065625 0.05625
0 0.36875 0.3765625 0.0796875 0.075
0 0.0453125 0.3921875 0.090625 0.0515625
0 0.5 0.403125 0.078125 0.078125
0 0.16875 0.428125 0.128125 0.071875
0 0.65625 0.484375 0.096875 0.0796875
0 0.5203125 0.5 0.0921875 0.103125
0 0.7640625 0.509375 0.0765625 0.08125
0 0.3984375 0.5546875 0.1859375 0.0828125
0 0.6515625 0.5609375 0.1078125 0.09375
0 0.0875 0.596875 0.175 0.090625
0 0.3421875 0.721875 0.1390625 0.090625