0 0.66484375 0.53828125 0.1046875 0.1140625
0 0.54296875 0.57890625 0.1109375 0.109375
0 0.5828125 0.165625 0.0609375 0.0484375
0 0.503125 0.21328125 0.0609375 0.0484375
0 0.58359375 0.24375 0.05625 0.0484375
0 0.421875 0.246875 0.0375 0.046875
0 0.53671875 0.25859375 0.0578125 0.0515625
0 0.67890625 0.31640625 0.053125 0.053125
0 0.334375 0.29765625 0.053125 0.0484375
0 0.46796875 0.3328125 0.0859375 0.04375
0 0.625 0.35859375 0.084375 0.0484375
0 0.35703125 0.34140625 0.06875 0.0484375
0 0.4453125 0.35703125 0.096875 0.046875
0 0.29609375 0.35546875 0.0625 0.0578125
0 0.41875 0.403125 0.090625 0.053125
0 0.3078125 0.4171875 0.05625 0.065625
0 0.50703125 0.45234375 0.075 0.071875