0 0.471875 0.6625 0.09375 0.1078125
0 0.4140625 0.2328125 0.0328125 0.0265625
0 0.503125 0.2703125 0.059375 0.03125
0 0.4203125 0.2953125 0.046875 0.046875
0 0.58125 0.3046875 0.0484375 0.0375
0 0.4984375 0.3203125 0.0671875 0.0375
0 0.3140625 0.365625 0.0375 0.0546875
0 0.6671875 0.36875 0.05625 0.0484375
0 0.6359375 0.3890625 0.0640625 0.04375
0 0.5234375 0.390625 0.0671875 0.0390625
0 0.3703125 0.4 0.0890625 0.0359375
0 0.571875 0.4046875 0.0765625 0.034375
0 0.684375 0.425 0.0453125 0.0609375
0 0.5625 0.446875 0.046875 0.053125
0 0.4921875 0.4765625 0.05625 0.059375
0 0.68125 0.490625 0.0484375 0.0421875
0 0.3921875 0.5140625 0.0703125 0.09375