0 0.490625 0.53515625 0.125 0.10625
0 0.625 0.553125 0.125 0.1546875
0 0.3734375 0.2046875 0.0515625 0.0421875
0 0.45546875 0.2171875 0.04375 0.0359375
0 0.29375 0.23671875 0.04375 0.0484375
0 0.41953125 0.24453125 0.05625 0.0453125
0 0.3359375 0.26328125 0.05 0.040625
0 0.55859375 0.271875 0.0421875 0.05
0 0.3546875 0.32734375 0.084375 0.0421875
0 0.5203125 0.3203125 0.0859375 0.0421875
0 0.24375 0.35546875 0.065625 0.046875
0 0.353125 0.3609375 0.0984375 0.040625
0 0.2734375 0.38359375 0.096875 0.0546875
0 0.31328125 0.40625 0.0984375 0.05625
0 0.421875 0.46484375 0.0671875 0.0765625