0 0.384375 0.3671875 0.0453125 0.040625
0 0.42890625 0.3765625 0.0453125 0.04375
0 0.5421875 0.3921875 0.0640625 0.0484375
0 0.57421875 0.4109375 0.06875 0.0328125
0 0.64296875 0.42734375 0.053125 0.046875
0 0.44453125 0.43515625 0.0921875 0.046875
0 0.6421875 0.47734375 0.0546875 0.040625
0 0.56875 0.46875 0.059375 0.0453125
0 0.53984375 0.49921875 0.0515625 0.0515625
0 0.48671875 0.49375 0.0625 0.059375
0 0.6390625 0.52109375 0.0546875 0.0578125
0 0.26953125 0.47734375 0.096875 0.071875
0 0.42109375 0.53125 0.1125 0.05625
0 0.03515625 0.503125 0.0703125 0.075
0 0.546875 0.58359375 0.078125 0.0828125
0 0.465625 0.57734375 0.0625 0.0671875
0 0.4 0.6140625 0.1 0.0828125
0 0.04296875 0.65859375 0.0859375 0.1015625
0 0.60625 0.7515625 0.1703125 0.0890625