0 0.33359375 0.5265625 0.096875 0.1078125
0 0.4515625 0.57578125 0.1046875 0.1015625
0 0.440625 0.16015625 0.0578125 0.0453125
0 0.5171875 0.2140625 0.0578125 0.0453125
0 0.434375 0.23828125 0.053125 0.0453125
0 0.59609375 0.253125 0.034375 0.04375
0 0.48046875 0.25625 0.05625 0.0484375
0 0.334375 0.3046875 0.05 0.05
0 0.6796875 0.309375 0.05 0.0453125
0 0.54375 0.33515625 0.0828125 0.0375
0 0.38515625 0.35078125 0.08125 0.04375
0 0.65390625 0.35234375 0.065625 0.04375
0 0.56484375 0.36171875 0.09375 0.040625
0 0.71328125 0.36953125 0.059375 0.0546875
0 0.5875 0.409375 0.0875 0.046875
0 0.696875 0.43125 0.053125 0.0625
0 0.49609375 0.4515625 0.071875 0.0671875