0 0.20625 0.7265625 0.015625 0.0109375
0 0.2328125 0.7125 0.025 0.028125
0 0.3015625 0.734375 0.0421875 0.0296875
0 0.3296875 0.696875 0.0140625 0.0234375
0 0.3484375 0.7203125 0.028125 0.0234375
0 0.3984375 0.6984375 0.028125 0.0265625
0 0.415625 0.70625 0.0203125 0.0203125
0 0.471875 0.7 0.0234375 0.034375
0 0.525 0.6921875 0.0421875 0.0328125
0 0.54375 0.6953125 0.0296875 0.028125
0 0.5609375 0.6703125 0.0109375 0.0203125
0 0.58125 0.6640625 0.015625 0.01875
0 0.6015625 0.6734375 0.0203125 0.0203125
0 0.60625 0.653125 0.0203125 0.028125
0 0.6171875 0.65625 0.0234375 0.0203125
0 0.6375 0.6625 0.01875 0.01875
0 0.75 0.6546875 0.0234375 0.0234375
0 0.828125 0.6390625 0.0125 0.015625
0 0.8734375 0.6578125 0.0484375 0.046875
0 0.971875 0.6375 0.0421875 0.0359375
0 0.98125 0.6578125 0.0296875 0.03125