0 0.23125 0.75625 0.0171875 0.0125
0 0.25625 0.7390625 0.028125 0.03125
0 0.32734375 0.75390625 0.0453125 0.034375
0 0.3515625 0.71328125 0.0171875 0.025
0 0.37265625 0.73515625 0.0296875 0.0265625
0 0.41953125 0.7078125 0.03125 0.0296875
0 0.4375 0.7140625 0.021875 0.021875
0 0.49296875 0.7015625 0.0265625 0.0359375
0 0.5453125 0.68828125 0.0453125 0.0375
0 0.5640625 0.68984375 0.0328125 0.03125
0 0.578125 0.66328125 0.0125 0.021875
0 0.59765625 0.6546875 0.0171875 0.0203125
0 0.61875 0.66171875 0.021875 0.021875
0 0.621875 0.64140625 0.0234375 0.0296875
0 0.6328125 0.64296875 0.025 0.021875
0 0.65390625 0.646875 0.0203125 0.0203125
0 0.76484375 0.62734375 0.025 0.025
0 0.840625 0.60390625 0.0140625 0.0171875
0 0.8875 0.61796875 0.053125 0.0515625
0 0.98046875 0.5875 0.0390625 0.040625
0 0.9890625 0.60625 0.021875 0.034375