0 0.2359375 0.7609375 0.0171875 0.0125
0 0.2609375 0.74375 0.028125 0.03125
0 0.33125 0.75703125 0.0453125 0.034375
0 0.3546875 0.71640625 0.0171875 0.025
0 0.3765625 0.7375 0.03125 0.0265625
0 0.4234375 0.709375 0.03125 0.0296875
0 0.44140625 0.71484375 0.021875 0.021875
0 0.49609375 0.7015625 0.028125 0.0375
0 0.5484375 0.6875 0.0453125 0.0375
0 0.5671875 0.68828125 0.0328125 0.03125
0 0.58125 0.66171875 0.0140625 0.021875
0 0.60078125 0.653125 0.0171875 0.0203125
0 0.621875 0.66015625 0.021875 0.021875
0 0.62421875 0.6390625 0.0234375 0.0296875
0 0.63515625 0.640625 0.025 0.0234375
0 0.65625 0.64453125 0.0203125 0.0203125
0 0.7671875 0.6234375 0.0265625 0.0265625
0 0.84296875 0.59765625 0.0140625 0.0171875
0 0.88984375 0.6109375 0.053125 0.053125
0 0.98046875 0.578125 0.0390625 0.040625
0 0.98984375 0.596875 0.0203125 0.034375