0 0.075 0.80546875 0.09375 0.1359375
0 0.05390625 0.47265625 0.1078125 0.0796875
0 0.0578125 0.5390625 0.075 0.0625
0 0.125 0.40859375 0.0859375 0.040625
0 0.17109375 0.62890625 0.1046875 0.0890625
0 0.17890625 0.41953125 0.0828125 0.053125
0 0.22421875 0.64765625 0.046875 0.0796875
0 0.3125 0.48671875 0.06875 0.078125
0 0.3328125 0.53984375 0.09375 0.06875
0 0.334375 0.61640625 0.0421875 0.0734375
0 0.38828125 0.54609375 0.11875 0.0546875
0 0.44609375 0.6046875 0.09375 0.159375
0 0.45625 0.43046875 0.096875 0.0875