0 0.0859375 0.8203125 0.0984375 0.1390625
0 0.05390625 0.48828125 0.1078125 0.0828125
0 0.059375 0.55390625 0.0765625 0.0640625
0 0.121875 0.421875 0.0859375 0.0421875
0 0.17578125 0.640625 0.1078125 0.0921875
0 0.1765625 0.43125 0.084375 0.05625
0 0.2296875 0.6578125 0.05 0.08125
0 0.31171875 0.49296875 0.0703125 0.08125
0 0.334375 0.5453125 0.0953125 0.071875
0 0.3390625 0.621875 0.04375 0.0734375
0 0.38984375 0.55 0.1203125 0.059375
0 0.45 0.60703125 0.1 0.1625
0 0.45390625 0.43203125 0.1 0.090625