0 0.1296875 0.63515625 0.2515625 0.1671875
0 0.971875 0.390625 0.046875 0.0375
0 0.91015625 0.61640625 0.1203125 0.1328125
0 0.9 0.33515625 0.0671875 0.0390625
0 0.871875 0.37734375 0.0671875 0.0421875
0 0.80625 0.42890625 0.0953125 0.0921875
0 0.81796875 0.3046875 0.028125 0.059375
0 0.76875 0.3421875 0.0734375 0.0703125
0 0.60859375 0.69296875 0.2828125 0.1609375
0 0.65 0.2875 0.028125 0.040625
0 0.58203125 0.3109375 0.0359375 0.0515625
0 0.5609375 0.2953125 0.0375 0.040625
0 0.5375 0.35546875 0.04375 0.040625
0 0.48984375 0.3296875 0.040625 0.040625
0 0.39453125 0.28515625 0.0359375 0.0296875
0 0.35546875 0.30703125 0.0328125 0.0375
0 0.30859375 0.315625 0.0375 0.0375
0 0.2953125 0.38125 0.0671875 0.0578125
0 0.2640625 0.33203125 0.053125 0.04375
0 0.24765625 0.40546875 0.0515625 0.046875
0 0.2125 0.32109375 0.04375 0.0296875
0 0.1375 0.359375 0.0859375 0.03125
0 0.14453125 0.31796875 0.0296875 0.01875
0 0.125 0.45390625 0.0859375 0.071875
0 0.128125 0.39140625 0.0640625 0.0453125
0 0.053125 0.3265625 0.04375 0.0359375