0 0.86484375 0.64765625 0.25625 0.175
0 0.0328125 0.37421875 0.0484375 0.0390625
0 0.08671875 0.6015625 0.125 0.1359375
0 0.10625 0.32109375 0.06875 0.0421875
0 0.13203125 0.3640625 0.06875 0.0453125
0 0.196875 0.41875 0.0984375 0.0953125
0 0.18828125 0.29375 0.0296875 0.059375
0 0.23671875 0.3328125 0.0765625 0.0734375
0 0.384375 0.6890625 0.2875 0.1703125
0 0.3578125 0.28203125 0.0296875 0.040625
0 0.42421875 0.30859375 0.0375 0.053125
0 0.44609375 0.29296875 0.0390625 0.0421875
0 0.4671875 0.3546875 0.0453125 0.0421875
0 0.51640625 0.33046875 0.0421875 0.0421875
0 0.6125 0.2890625 0.0359375 0.03125
0 0.6515625 0.3125 0.034375 0.0390625
0 0.69765625 0.32265625 0.0390625 0.0390625
0 0.709375 0.38828125 0.06875 0.059375
0 0.74140625 0.340625 0.0546875 0.0453125
0 0.75546875 0.4140625 0.053125 0.0484375
0 0.79375 0.33125 0.04375 0.03125
0 0.8671875 0.371875 0.0859375 0.034375
0 0.86171875 0.33046875 0.0296875 0.0203125
0 0.8765625 0.4671875 0.0890625 0.0734375
0 0.87578125 0.40390625 0.065625 0.046875
0 0.953125 0.3421875 0.0453125 0.0375