0 0.8765625 0.615625 0.24375 0.1546875
0 0.0234375 0.415625 0.0453125 0.0359375
0 0.096875 0.6375 0.1140625 0.1265625
0 0.0921875 0.35625 0.065625 0.0359375
0 0.121875 0.396875 0.065625 0.0390625
0 0.190625 0.4453125 0.090625 0.0875
0 0.171875 0.321875 0.025 0.0578125
0 0.2234375 0.35625 0.0703125 0.0671875
0 0.4015625 0.6984375 0.275 0.146875
0 0.3390625 0.2953125 0.0265625 0.0390625
0 0.4078125 0.315625 0.0328125 0.05
0 0.428125 0.2984375 0.0359375 0.0390625
0 0.4546875 0.3578125 0.0421875 0.0390625
0 0.5015625 0.3296875 0.0390625 0.0390625
0 0.59375 0.2796875 0.034375 0.028125
0 0.634375 0.3 0.03125 0.0359375
0 0.68125 0.30625 0.0359375 0.0359375
0 0.6984375 0.3703125 0.0640625 0.0546875
0 0.7265625 0.3203125 0.0515625 0.040625
0 0.746875 0.3921875 0.05 0.04375
0 0.778125 0.30625 0.0421875 0.028125
0 0.8546875 0.340625 0.084375 0.0265625
0 0.8453125 0.3 0.028125 0.0171875
0 0.871875 0.434375 0.0828125 0.0671875
0 0.865625 0.371875 0.0625 0.0421875
0 0.9375 0.303125 0.0421875 0.034375