0 0.096875 0.7953125 0.1078125 0.090625
0 0.9 0.540625 0.1109375 0.0796875
0 0.89140625 0.50546875 0.05625 0.05
0 0.87421875 0.49375 0.0671875 0.0546875
0 0.8671875 0.75859375 0.1078125 0.09375
0 0.79765625 0.5875 0.053125 0.0609375
0 0.7796875 0.6265625 0.078125 0.0640625
0 0.7140625 0.6015625 0.0859375 0.0609375
0 0.70390625 0.58203125 0.0640625 0.0703125
0 0.696875 0.55 0.034375 0.0515625
0 0.65234375 0.54765625 0.0640625 0.053125
0 0.61953125 0.62890625 0.1171875 0.1109375
0 0.63203125 0.590625 0.0640625 0.0546875
0 0.5859375 0.50859375 0.0640625 0.0765625
0 0.55390625 0.7984375 0.1140625 0.084375
0 0.48046875 0.24921875 0.1140625 0.1140625
0 0.48984375 0.62421875 0.1546875 0.1046875
0 0.5078125 0.56640625 0.0546875 0.0546875
0 0.5046875 0.5875 0.06875 0.0671875
0 0.4734375 0.65625 0.1078125 0.06875
0 0.43359375 0.38515625 0.0671875 0.0359375
0 0.4515625 0.5515625 0.0421875 0.053125
0 0.41875 0.4140625 0.040625 0.0453125
0 0.39453125 0.36953125 0.0625 0.0546875
0 0.421875 0.53125 0.0453125 0.0609375
0 0.41875 0.58046875 0.046875 0.0640625
0 0.3859375 0.5203125 0.090625 0.0515625
0 0.35703125 0.41015625 0.084375 0.0578125
0 0.31875 0.6375 0.1109375 0.0765625
0 0.31015625 0.3375 0.0453125 0.0453125
0 0.2984375 0.5125 0.096875 0.0921875
0 0.303125 0.8484375 0.128125 0.078125
0 0.2953125 0.60078125 0.0734375 0.0640625
0 0.28828125 0.7609375 0.10625 0.0828125
0 0.24453125 0.58828125 0.10625 0.075
0 0.24609375 0.5109375 0.059375 0.06875
0 0.19140625 0.5390625 0.08125 0.0609375
0 0.17421875 0.5890625 0.1015625 0.0859375
0 0.1765625 0.6625 0.0671875 0.06875
0 0.14921875 0.63125 0.071875 0.05625
0 0.115625 0.4875 0.0484375 0.040625
0 0.09140625 0.5296875 0.09375 0.103125
0 0.06953125 0.46953125 0.0859375 0.0765625
0 0.05703125 0.584375 0.1015625 0.0625
0 0.04453125 0.4328125 0.0484375 0.04375
0 0.04921875 0.56015625 0.0609375 0.05
0 0.0125 0.38125 0.025 0.05
0 0.02109375 0.56328125 0.03125 0.028125