0 0.9359375 0.74375 0.0984375 0.0796875
0 0.0125 0.7234375 0.0234375 0.071875
0 0.1078125 0.5890625 0.103125 0.0671875
0 0.1125 0.553125 0.0515625 0.04375
0 0.128125 0.5390625 0.0625 0.046875
0 0.1671875 0.8015625 0.0984375 0.0828125
0 0.215625 0.6234375 0.046875 0.05625
0 0.2375 0.659375 0.071875 0.05625
0 0.3 0.6265625 0.0796875 0.0515625
0 0.3078125 0.60625 0.05625 0.0640625
0 0.3109375 0.5734375 0.028125 0.0484375
0 0.3546875 0.565625 0.059375 0.046875
0 0.396875 0.6421875 0.10625 0.0984375
0 0.3796875 0.60625 0.059375 0.0484375
0 0.415625 0.51875 0.05625 0.0703125
0 0.4828125 0.803125 0.10625 0.071875
0 0.4890625 0.2484375 0.1015625 0.103125
0 0.525 0.621875 0.1453125 0.0875
0 0.5 0.5671875 0.0484375 0.0484375
0 0.50625 0.5875 0.0625 0.059375
0 0.5453125 0.6515625 0.1015625 0.05625
0 0.5515625 0.378125 0.0640625 0.028125
0 0.5546875 0.5453125 0.0359375 0.0484375
0 0.5703125 0.4046875 0.0359375 0.040625
0 0.5890625 0.3578125 0.05625 0.0484375
0 0.58125 0.521875 0.0390625 0.05625
0 0.590625 0.5703125 0.040625 0.059375
0 0.615625 0.50625 0.0859375 0.040625
0 0.63125 0.39375 0.0796875 0.0484375
0 0.696875 0.6140625 0.103125 0.0640625
0 0.66875 0.315625 0.040625 0.040625
0 0.7015625 0.4875 0.0875 0.0828125
0 0.7375 0.821875 0.121875 0.0640625
0 0.715625 0.575 0.0671875 0.05625
0 0.7421875 0.7328125 0.0984375 0.071875
0 0.7640625 0.55625 0.0984375 0.0640625
0 0.753125 0.4796875 0.0515625 0.0625
0 0.8109375 0.5015625 0.075 0.0515625
0 0.834375 0.5484375 0.09375 0.075
0 0.840625 0.621875 0.059375 0.0625
0 0.8640625 0.5875 0.0671875 0.0484375
0 0.8796875 0.440625 0.04375 0.0359375
0 0.909375 0.4796875 0.0828125 0.09375
0 0.9234375 0.4171875 0.078125 0.0671875
0 0.95 0.5296875 0.0953125 0.0515625
0 0.94375 0.378125 0.04375 0.0390625
0 0.9546875 0.5046875 0.05625 0.04375
0 0.9734375 0.321875 0.028125 0.046875
0 0.9828125 0.5046875 0.028125 0.025