0 0.91796875 0.7734375 0.103125 0.0859375
0 0.00625 0.68828125 0.0125 0.0734375
0 0.10234375 0.56171875 0.1078125 0.0734375
0 0.109375 0.52578125 0.0546875 0.046875
0 0.1265625 0.51328125 0.065625 0.0515625
0 0.146875 0.77734375 0.1046875 0.0890625
0 0.2078125 0.603125 0.05 0.059375
0 0.22734375 0.640625 0.075 0.0609375
0 0.29140625 0.6125 0.0828125 0.05625
0 0.30078125 0.59296875 0.0609375 0.0671875
0 0.30625 0.56015625 0.03125 0.05
0 0.35078125 0.55546875 0.0625 0.0515625
0 0.3875 0.634375 0.1125 0.10625
0 0.37265625 0.59765625 0.0625 0.053125
0 0.41484375 0.5125 0.0609375 0.0734375
0 0.46171875 0.8015625 0.1109375 0.0796875
0 0.50625 0.2484375 0.1078125 0.109375
0 0.51640625 0.6234375 0.1515625 0.096875
0 0.4953125 0.5671875 0.0515625 0.0515625
0 0.5 0.5875 0.0671875 0.0640625
0 0.534375 0.6546875 0.1046875 0.0625
0 0.56015625 0.38203125 0.065625 0.0328125
0 0.5515625 0.54921875 0.0390625 0.0515625
0 0.5765625 0.41015625 0.0390625 0.04375
0 0.5984375 0.3640625 0.059375 0.0515625
0 0.5796875 0.52734375 0.0421875 0.059375
0 0.58515625 0.5765625 0.0453125 0.0625
0 0.61484375 0.5140625 0.0890625 0.046875
0 0.63828125 0.403125 0.0828125 0.053125
0 0.68828125 0.62734375 0.1078125 0.071875
0 0.68125 0.328125 0.04375 0.04375
0 0.7015625 0.5015625 0.09375 0.0890625
0 0.71484375 0.8375 0.1265625 0.071875
0 0.71015625 0.58984375 0.0703125 0.0609375
0 0.725 0.74921875 0.103125 0.078125
0 0.759375 0.57421875 0.103125 0.0703125
0 0.75390625 0.49765625 0.05625 0.065625
0 0.81015625 0.5234375 0.078125 0.05625
0 0.83046875 0.571875 0.0984375 0.08125
0 0.83125 0.6453125 0.0640625 0.0671875
0 0.85703125 0.6125 0.0703125 0.053125
0 0.8828125 0.4671875 0.046875 0.0390625
0 0.91015625 0.50859375 0.0890625 0.1
0 0.928125 0.446875 0.0828125 0.071875
0 0.946875 0.5609375 0.0984375 0.0578125
0 0.95078125 0.409375 0.046875 0.0421875
0 0.953125 0.53671875 0.059375 0.046875
0 0.984375 0.35546875 0.03125 0.0484375
0 0.98125 0.53828125 0.0296875 0.0265625