0 0.6984375 0.61953125 0.0328125 0.0296875
0 0.80703125 0.603125 0.059375 0.028125
0 0.7296875 0.3265625 0.0328125 0.0234375
0 0.62890625 0.6109375 0.0390625 0.0328125
0 0.6125 0.59140625 0.028125 0.0171875
0 0.5796875 0.540625 0.0171875 0.01875
0 0.4734375 0.44765625 0.021875 0.015625
0 0.35 0.51015625 0.025 0.015625
0 0.29609375 0.53359375 0.028125 0.0203125
0 0.27265625 0.5203125 0.01875 0.025
0 0.2796875 0.603125 0.025 0.0203125
0 0.37109375 0.66875 0.040625 0.0328125
0 0.97578125 0.24140625 0.0265625 0.0140625