0 0.70625 0.60546875 0.034375 0.03125
0 0.81328125 0.58203125 0.0609375 0.0328125
0 0.7171875 0.3109375 0.034375 0.025
0 0.63671875 0.6015625 0.040625 0.034375
0 0.61875 0.58359375 0.0296875 0.01875
0 0.58203125 0.53515625 0.01875 0.0203125
0 0.46953125 0.45 0.0234375 0.0171875
0 0.3515625 0.5203125 0.0265625 0.0171875
0 0.29921875 0.54765625 0.0296875 0.021875
0 0.27421875 0.5359375 0.0203125 0.0265625
0 0.2875 0.61796875 0.0265625 0.021875
0 0.38359375 0.67734375 0.0421875 0.0359375
0 0.95625 0.20859375 0.028125 0.015625