0 0.9578125 0.68671875 0.0625 0.0671875
0 0.9734375 0.4796875 0.053125 0.034375
0 0.9125 0.4875 0.0671875 0.0359375
0 0.90546875 0.43046875 0.0578125 0.0265625
0 0.8578125 0.4125 0.0953125 0.0515625
0 0.859375 0.534375 0.0453125 0.053125
0 0.76015625 0.49296875 0.0609375 0.0515625
0 0.7203125 0.68203125 0.1046875 0.0703125
0 0.675 0.7109375 0.06875 0.0359375
0 0.68828125 0.64453125 0.046875 0.05
0 0.66875 0.51015625 0.065625 0.0515625
0 0.646875 0.6515625 0.059375 0.059375
0 0.628125 0.50859375 0.0375 0.046875
0 0.603125 0.64921875 0.0484375 0.05
0 0.5703125 0.65859375 0.075 0.059375
0 0.58125 0.47578125 0.0578125 0.0390625
0 0.575 0.40703125 0.0671875 0.0359375
0 0.5546875 0.44375 0.046875 0.025
0 0.5171875 0.50234375 0.0921875 0.0671875
0 0.44453125 0.428125 0.05 0.046875
0 0.4109375 0.4328125 0.025 0.0328125
0 0.365625 0.50390625 0.065625 0.0546875
0 0.375 0.4421875 0.0375 0.0421875
0 0.30234375 0.68828125 0.1125 0.0390625
0 0.334375 0.43359375 0.046875 0.034375
0 0.31875 0.4984375 0.0640625 0.05625
0 0.2578125 0.4578125 0.0546875 0.059375
0 0.23515625 0.38125 0.0875 0.028125
0 0.2046875 0.434375 0.059375 0.046875
0 0.19921875 0.484375 0.059375 0.0703125
0 0.1765625 0.4078125 0.040625 0.040625
0 0.115625 0.67109375 0.075 0.059375
0 0.1390625 0.4078125 0.0546875 0.0515625
0 0.06875 0.42890625 0.046875 0.03125
0 0.03359375 0.44296875 0.05 0.04375
0 0.0125 0.6515625 0.025 0.034375