0 0.0328125 0.6625 0.059375 0.0640625
0 0.0265625 0.4546875 0.053125 0.03125
0 0.0890625 0.465625 0.065625 0.0328125
0 0.0984375 0.409375 0.05625 0.0234375
0 0.146875 0.39375 0.09375 0.046875
0 0.1390625 0.515625 0.0421875 0.0515625
0 0.240625 0.4796875 0.0578125 0.0484375
0 0.2703125 0.6703125 0.1015625 0.065625
0 0.3140625 0.7015625 0.0671875 0.0328125
0 0.3046875 0.634375 0.04375 0.0484375
0 0.33125 0.5015625 0.0625 0.0484375
0 0.3453125 0.64375 0.05625 0.05625
0 0.371875 0.5015625 0.0359375 0.0453125
0 0.3890625 0.64375 0.0453125 0.0484375
0 0.421875 0.6546875 0.071875 0.05625
0 0.4203125 0.471875 0.05625 0.0359375
0 0.4296875 0.403125 0.065625 0.0328125
0 0.4484375 0.440625 0.0453125 0.0234375
0 0.4828125 0.5015625 0.0890625 0.0625
0 0.559375 0.43125 0.0484375 0.04375
0 0.5921875 0.4375 0.0234375 0.03125
0 0.634375 0.5109375 0.0625 0.0515625
0 0.628125 0.4484375 0.0359375 0.040625
0 0.6875 0.6984375 0.1109375 0.0328125
0 0.66875 0.4421875 0.0453125 0.0328125
0 0.68125 0.5078125 0.0609375 0.053125
0 0.74375 0.4703125 0.0515625 0.05625
0 0.7703125 0.3953125 0.0859375 0.0234375
0 0.7984375 0.45 0.0578125 0.04375
0 0.8015625 0.5 0.05625 0.0671875
0 0.828125 0.425 0.0390625 0.0390625
0 0.875 0.690625 0.071875 0.05625
0 0.865625 0.4265625 0.0515625 0.0484375
0 0.934375 0.4515625 0.0453125 0.0296875
0 0.96875 0.4671875 0.0484375 0.040625
0 0.9828125 0.678125 0.0328125 0.0328125