0 0.70078125 0.6578125 0.1375 0.178125
0 0.20546875 0.6390625 0.15625 0.11875
0 0.20078125 0.6390625 0.08125 0.04375
0 0.33046875 0.57421875 0.1328125 0.096875
0 0.40234375 0.7109375 0.1234375 0.05625
0 0.45078125 0.603125 0.1296875 0.0671875
0 0.43671875 0.66796875 0.10625 0.084375
0 0.4390625 0.49765625 0.034375 0.021875
0 0.4484375 0.51796875 0.059375 0.05
0 0.44453125 0.46328125 0.034375 0.0296875
0 0.56796875 0.67578125 0.1359375 0.0984375
0 0.625 0.621875 0.109375 0.1609375
0 0.6640625 0.4109375 0.0265625 0.0125