0 0.7109375 0.64375 0.1265625 0.1703125
0 0.215625 0.659375 0.1484375 0.109375
0 0.2109375 0.659375 0.078125 0.0390625
0 0.3359375 0.5859375 0.1265625 0.0875
0 0.4171875 0.7171875 0.1203125 0.0484375
0 0.4578125 0.60625 0.1265625 0.0578125
0 0.4484375 0.671875 0.1015625 0.078125
0 0.4390625 0.5015625 0.0328125 0.0203125
0 0.45 0.521875 0.05625 0.046875
0 0.4421875 0.4671875 0.0328125 0.028125
0 0.5796875 0.6703125 0.1296875 0.0890625
0 0.6328125 0.6125 0.0984375 0.1546875
0 0.6578125 0.4 0.0265625 0.0109375