0 0.296875 0.6546875 0.1359375 0.1765625
0 0.7921875 0.64453125 0.1546875 0.1171875
0 0.796875 0.64375 0.0796875 0.04375
0 0.66796875 0.57734375 0.13125 0.09375
0 0.59375 0.7125 0.1234375 0.0546875
0 0.54765625 0.60390625 0.1296875 0.0640625
0 0.56015625 0.66875 0.10625 0.0828125
0 0.5609375 0.4984375 0.034375 0.021875
0 0.55078125 0.51953125 0.059375 0.05
0 0.55625 0.4640625 0.034375 0.0296875
0 0.4296875 0.67421875 0.134375 0.0953125
0 0.3734375 0.61953125 0.10625 0.159375
0 0.3375 0.40859375 0.0265625 0.0125