0 0.82734375 0.521875 0.1015625 0.0671875
0 0.98984375 0.46875 0.0203125 0.03125
0 0.91171875 0.37890625 0.1265625 0.04375
0 0.76171875 0.575 0.1046875 0.05625
0 0.66015625 0.49609375 0.0828125 0.0515625
0 0.63828125 0.46328125 0.1125 0.0515625
0 0.5546875 0.59375 0.134375 0.06875
0 0.51953125 0.56796875 0.1265625 0.046875
0 0.37109375 0.35859375 0.103125 0.046875
0 0.296875 0.51875 0.14375 0.0609375
0 0.28203125 0.6546875 0.15 0.0546875
0 0.23125 0.703125 0.16875 0.0625
0 0.17109375 0.3796875 0.1 0.0484375
0 0.13359375 0.47265625 0.1140625 0.0609375
0 0.08984375 0.61796875 0.1515625 0.059375