0 0.828125 0.49296875 0.1 0.065625
0 0.98671875 0.4265625 0.021875 0.0296875
0 0.89921875 0.34375 0.1265625 0.0421875
0 0.76796875 0.5515625 0.103125 0.0546875
0 0.65859375 0.48203125 0.08125 0.05
0 0.634375 0.4515625 0.1125 0.0484375
0 0.5625 0.58828125 0.1328125 0.0671875
0 0.52578125 0.56640625 0.1265625 0.0453125
0 0.359375 0.3703125 0.103125 0.0453125
0 0.29921875 0.53671875 0.1421875 0.0578125
0 0.296875 0.67265625 0.15 0.0515625
0 0.25 0.72578125 0.1671875 0.0609375
0 0.1625 0.40859375 0.1 0.046875
0 0.1328125 0.5046875 0.1125 0.0578125
0 0.10234375 0.653125 0.15 0.05625