0 0.171875 0.5046875 0.0984375 0.0625
0 0.0109375 0.44375 0.0203125 0.0296875
0 0.0953125 0.3578125 0.125 0.0375
0 0.234375 0.5609375 0.1015625 0.0515625
0 0.340625 0.4875 0.0796875 0.046875
0 0.3640625 0.45625 0.1109375 0.0453125
0 0.440625 0.590625 0.13125 0.0625
0 0.4765625 0.5671875 0.125 0.040625
0 0.6359375 0.365625 0.1015625 0.0421875
0 0.7015625 0.5296875 0.140625 0.053125
0 0.709375 0.665625 0.1484375 0.046875
0 0.7578125 0.7171875 0.165625 0.0546875
0 0.834375 0.396875 0.0984375 0.04375
0 0.8671875 0.4921875 0.1109375 0.0546875
0 0.903125 0.6390625 0.1484375 0.0515625