0 0.42421875 0.6421875 0.146875 0.1
0 0.20078125 0.71328125 0.05 0.0328125
0 0.1921875 0.51953125 0.0125 0.0296875
0 0.2625 0.84609375 0.05 0.0375
0 0.27265625 0.56171875 0.0359375 0.0265625
0 0.3109375 0.678125 0.04375 0.0265625
0 0.3515625 0.76484375 0.0390625 0.0359375
0 0.359375 0.60546875 0.021875 0.0328125
0 0.36875 0.57734375 0.0359375 0.0328125
0 0.4359375 0.48671875 0.0328125 0.05
0 0.453125 0.75234375 0.0453125 0.0328125
0 0.515625 0.69375 0.0453125 0.0265625
0 0.52578125 0.53828125 0.0265625 0.03125
0 0.54765625 0.62578125 0.03125 0.0328125
0 0.5578125 0.85078125 0.028125 0.059375
0 0.6125 0.76875 0.05 0.034375
0 0.66015625 0.7140625 0.0359375 0.0359375
0 0.70546875 0.52734375 0.046875 0.04375
0 0.721875 0.57265625 0.034375 0.03125
0 0.7640625 0.58125 0.028125 0.021875
0 0.84921875 0.7265625 0.05625 0.021875