0 0.421875 0.640625 0.1453125 0.096875
0 0.196875 0.7078125 0.05 0.03125
0 0.1921875 0.5140625 0.0125 0.0296875
0 0.25625 0.8421875 0.05 0.0359375
0 0.271875 0.5578125 0.0359375 0.0265625
0 0.3078125 0.675 0.04375 0.0265625
0 0.346875 0.7625 0.0390625 0.0359375
0 0.3578125 0.603125 0.021875 0.0328125
0 0.3671875 0.575 0.0359375 0.0328125
0 0.4359375 0.4859375 0.03125 0.05
0 0.4484375 0.7515625 0.0453125 0.03125
0 0.5125 0.69375 0.0453125 0.025
0 0.525 0.5390625 0.0265625 0.03125
0 0.5453125 0.6265625 0.03125 0.0328125
0 0.5515625 0.8515625 0.0265625 0.059375
0 0.6078125 0.7703125 0.05 0.0328125
0 0.65625 0.7171875 0.0359375 0.0359375
0 0.7046875 0.53125 0.046875 0.0421875
0 0.7203125 0.5765625 0.034375 0.03125
0 0.7625 0.5859375 0.028125 0.021875
0 0.8453125 0.7328125 0.05625 0.0203125