0 0.43671875 0.64765625 0.1546875 0.1109375
0 0.2203125 0.73828125 0.053125 0.0359375
0 0.1953125 0.54609375 0.015625 0.03125
0 0.29296875 0.865625 0.053125 0.040625
0 0.27890625 0.58125 0.0390625 0.0296875
0 0.32734375 0.69375 0.046875 0.03125
0 0.375 0.77734375 0.0421875 0.0390625
0 0.36953125 0.6171875 0.025 0.034375
0 0.37578125 0.58828125 0.0390625 0.0359375
0 0.43515625 0.49296875 0.0359375 0.053125
0 0.475 0.75546875 0.0484375 0.0359375
0 0.5328125 0.69140625 0.0484375 0.0296875
0 0.52890625 0.5359375 0.0296875 0.034375
0 0.55859375 0.62109375 0.034375 0.0359375
0 0.58828125 0.84453125 0.0328125 0.0625
0 0.63515625 0.7578125 0.053125 0.0375
0 0.678125 0.7 0.0390625 0.0390625
0 0.70703125 0.509375 0.0515625 0.046875
0 0.72734375 0.553125 0.0375 0.034375
0 0.7703125 0.5578125 0.0296875 0.025
0 0.86796875 0.6953125 0.0578125 0.0265625