0 0.02109375 0.4875 0.0421875 0.059375
0 0.13984375 0.58515625 0.1234375 0.0796875
0 0.159375 0.44296875 0.1890625 0.14375
0 0.16796875 0.59921875 0.0828125 0.1015625
0 0.43515625 0.4234375 0.353125 0.225
0 0.578125 0.48359375 0.0953125 0.0765625
0 0.659375 0.3890625 0.053125 0.05
0 0.675 0.428125 0.0609375 0.0578125
0 0.7921875 0.4078125 0.071875 0.059375
0 0.8046875 0.35 0.0421875 0.0359375
0 0.8453125 0.31484375 0.065625 0.053125
0 0.9515625 0.284375 0.0625 0.0625
0 0.97265625 0.4109375 0.0453125 0.0703125