0 0.021875 0.4375 0.04375 0.0546875
0 0.1328125 0.546875 0.1171875 0.0671875
0 0.1671875 0.4078125 0.1765625 0.1265625
0 0.159375 0.5640625 0.0734375 0.09375
0 0.44375 0.4171875 0.334375 0.190625
0 0.5796875 0.4921875 0.0890625 0.0671875
0 0.6703125 0.40625 0.0484375 0.0453125
0 0.68125 0.446875 0.05625 0.0515625
0 0.8 0.4390625 0.0671875 0.053125
0 0.81875 0.3828125 0.0390625 0.0328125
0 0.8625 0.3515625 0.0609375 0.046875
0 0.971875 0.3328125 0.05625 0.05625
0 0.9796875 0.4609375 0.0390625 0.0671875