0 0.9671875 0.3796875 0.05 0.059375
0 0.8703125 0.5015625 0.125 0.08125
0 0.81875 0.36796875 0.190625 0.146875
0 0.84609375 0.521875 0.084375 0.1015625
0 0.54609375 0.4109375 0.3546875 0.2296875
0 0.4203125 0.50234375 0.096875 0.078125
0 0.31953125 0.42734375 0.053125 0.0515625
0 0.31328125 0.46953125 0.0625 0.0578125
0 0.19453125 0.47578125 0.0734375 0.0609375
0 0.16953125 0.42265625 0.0421875 0.0375
0 0.121875 0.396875 0.065625 0.0546875
0 0.02109375 0.390625 0.0421875 0.0625
0 0.02109375 0.51875 0.0421875 0.071875