0 0.57109375 0.61015625 0.0484375 0.0375
0 0.50234375 0.6375 0.0453125 0.0265625
0 0.46171875 0.634375 0.0171875 0.01875
0 0.4421875 0.6171875 0.021875 0.021875
0 0.42265625 0.63515625 0.021875 0.028125
0 0.371875 0.621875 0.034375 0.01875
0 0.32421875 0.625 0.040625 0.0421875
0 0.30703125 0.60078125 0.046875 0.034375
0 0.26328125 0.603125 0.04375 0.0390625
0 0.2390625 0.63671875 0.0125 0.015625
0 0.21875 0.58671875 0.0359375 0.034375
0 0.16171875 0.6296875 0.015625 0.0125
0 0.15703125 0.57109375 0.0234375 0.021875
0 0.1046875 0.6140625 0.021875 0.025
0 0.078125 0.571875 0.021875 0.0203125
0 0.01953125 0.590625 0.021875 0.0125
0 0.0046875 0.56015625 0.009375 0.0140625