0 0.4234375 0.60625 0.046875 0.034375
0 0.490625 0.6375 0.04375 0.025
0 0.53125 0.6359375 0.015625 0.0171875
0 0.5515625 0.6203125 0.0203125 0.0203125
0 0.5703125 0.6390625 0.0203125 0.0265625
0 0.621875 0.628125 0.0328125 0.0171875
0 0.66875 0.634375 0.0390625 0.040625
0 0.6875 0.6109375 0.0453125 0.0328125
0 0.73125 0.615625 0.0421875 0.0375
0 0.753125 0.65 0.0109375 0.015625
0 0.7765625 0.6015625 0.034375 0.0328125
0 0.83125 0.646875 0.015625 0.0109375
0 0.8390625 0.5890625 0.021875 0.0203125
0 0.8890625 0.634375 0.0203125 0.0234375
0 0.9171875 0.59375 0.0203125 0.01875
0 0.975 0.615625 0.021875 0.0109375
0 0.9921875 0.5859375 0.0125 0.0140625