0 0.425 0.6078125 0.046875 0.0359375
0 0.49296875 0.6375 0.04375 0.025
0 0.53359375 0.63515625 0.015625 0.0171875
0 0.55390625 0.61953125 0.0203125 0.0203125
0 0.57265625 0.6375 0.0203125 0.0265625
0 0.62421875 0.62578125 0.0328125 0.0171875
0 0.67109375 0.63125 0.0390625 0.040625
0 0.6890625 0.6078125 0.0453125 0.034375
0 0.73359375 0.61171875 0.0421875 0.0375
0 0.75546875 0.6453125 0.0109375 0.015625
0 0.778125 0.596875 0.034375 0.0328125
0 0.83359375 0.64140625 0.015625 0.0109375
0 0.840625 0.5828125 0.021875 0.0203125
0 0.89140625 0.62734375 0.0203125 0.0234375
0 0.91875 0.58671875 0.0203125 0.01875
0 0.9765625 0.60703125 0.021875 0.0109375
0 0.99375 0.57734375 0.0125 0.0140625