0 0.31328125 0.39375 0.071875 0.0421875
0 0.4453125 0.4125 0.0796875 0.04375
0 0.56640625 0.42265625 0.071875 0.0375
0 0.49140625 0.4375 0.05625 0.0234375
0 0.5921875 0.453125 0.06875 0.0421875
0 0.471875 0.45703125 0.06875 0.0359375
0 0.6859375 0.4546875 0.0515625 0.04375
0 0.5625 0.46015625 0.078125 0.05
0 0.34140625 0.47421875 0.0890625 0.0515625
0 0.43671875 0.47265625 0.06875 0.0484375
0 0.55234375 0.484375 0.0796875 0.0453125
0 0.484375 0.49765625 0.0828125 0.0390625
0 0.7921875 0.49609375 0.0546875 0.053125
0 0.70625 0.50390625 0.0546875 0.0484375
0 0.5484375 0.553125 0.0765625 0.059375
0 0.76796875 0.5546875 0.05625 0.0640625
0 0.640625 0.5921875 0.084375 0.0609375
0 0.5171875 0.59609375 0.0671875 0.059375
0 0.603125 0.63046875 0.0703125 0.084375