0 0.3171875 0.3875 0.0703125 0.0390625
0 0.4484375 0.4109375 0.078125 0.040625
0 0.56875 0.425 0.0703125 0.034375
0 0.49375 0.4375 0.05625 0.021875
0 0.59375 0.45625 0.0671875 0.040625
0 0.4734375 0.45625 0.0671875 0.034375
0 0.6875 0.4609375 0.05 0.0421875
0 0.5640625 0.4625 0.0765625 0.046875
0 0.3421875 0.46875 0.0875 0.0484375
0 0.4375 0.4703125 0.0671875 0.046875
0 0.553125 0.4859375 0.078125 0.0421875
0 0.484375 0.496875 0.08125 0.0359375
0 0.7921875 0.50625 0.053125 0.0515625
0 0.70625 0.5109375 0.053125 0.046875
0 0.546875 0.5546875 0.075 0.05625
0 0.765625 0.5640625 0.0546875 0.0625
0 0.6375 0.596875 0.0828125 0.0578125
0 0.5140625 0.596875 0.065625 0.0578125
0 0.5984375 0.634375 0.0671875 0.0828125