0 0.4265625 0.678125 0.1265625 0.078125
0 0.165625 0.5953125 0.1171875 0.0453125
0 0.278125 0.728125 0.1578125 0.0875
0 0.2875 0.659375 0.1421875 0.0703125
0 0.3109375 0.2140625 0.05625 0.0515625
0 0.3609375 0.2125 0.0640625 0.0515625
0 0.440625 0.4875 0.121875 0.046875
0 0.534375 0.4390625 0.159375 0.071875
0 0.5078125 0.759375 0.1046875 0.0921875
0 0.503125 0.6109375 0.0828125 0.071875
0 0.5203125 0.5546875 0.10625 0.0265625
0 0.653125 0.540625 0.05625 0.08125
0 0.75625 0.4890625 0.24375 0.0703125
0 0.746875 0.715625 0.1671875 0.071875
0 0.7203125 0.3375 0.071875 0.05625
0 0.73125 0.2390625 0.0390625 0.034375
0 0.7765625 0.2671875 0.040625 0.0328125
0 0.83125 0.7765625 0.1421875 0.109375
0 0.7828125 0.3 0.028125 0.0328125
0 0.9125 0.56875 0.0921875 0.075
0 0.909375 0.478125 0.046875 0.040625