0 0.4328125 0.68046875 0.1296875 0.0828125
0 0.16953125 0.60703125 0.11875 0.05
0 0.2859375 0.7359375 0.1609375 0.0921875
0 0.29296875 0.66640625 0.1453125 0.075
0 0.30078125 0.22109375 0.0578125 0.053125
0 0.35078125 0.2171875 0.065625 0.053125
0 0.43984375 0.48984375 0.1234375 0.0515625
0 0.53203125 0.43828125 0.1625 0.078125
0 0.5171875 0.75859375 0.1078125 0.0953125
0 0.50703125 0.6109375 0.0859375 0.075
0 0.521875 0.55390625 0.1078125 0.0296875
0 0.6546875 0.53515625 0.059375 0.0828125
0 0.75546875 0.48046875 0.2453125 0.078125
0 0.75390625 0.70703125 0.1703125 0.078125
0 0.71484375 0.3296875 0.0734375 0.059375
0 0.721875 0.23125 0.040625 0.0359375
0 0.76796875 0.2578125 0.0421875 0.034375
0 0.840625 0.76484375 0.1453125 0.1140625
0 0.77578125 0.290625 0.0296875 0.034375
0 0.91484375 0.5546875 0.0953125 0.078125
0 0.90859375 0.4640625 0.0484375 0.0421875