0 0.5796875 0.67578125 0.1296875 0.0828125
0 0.8375 0.58359375 0.11875 0.05
0 0.7296875 0.7203125 0.1609375 0.0921875
0 0.71796875 0.6515625 0.1453125 0.075
0 0.67890625 0.2078125 0.0578125 0.053125
0 0.62890625 0.2078125 0.065625 0.053125
0 0.55859375 0.48515625 0.1234375 0.0515625
0 0.46328125 0.440625 0.1625 0.078125
0 0.5015625 0.759375 0.1078125 0.0953125
0 0.50078125 0.6109375 0.0859375 0.075
0 0.48125 0.55546875 0.1078125 0.0296875
0 0.3484375 0.54609375 0.059375 0.0828125
0 0.24375 0.49765625 0.2453125 0.078125
0 0.2609375 0.72421875 0.1703125 0.078125
0 0.27421875 0.3453125 0.0734375 0.059375
0 0.26015625 0.24765625 0.040625 0.0359375
0 0.215625 0.27734375 0.0421875 0.034375
0 0.17890625 0.78828125 0.1453125 0.1140625
0 0.21015625 0.31015625 0.0296875 0.034375
0 0.08984375 0.5828125 0.0953125 0.078125
0 0.08984375 0.4921875 0.0484375 0.0421875