0 0.53125 0.6265625 0.1375 0.078125
0 0.021875 0.56953125 0.0234375 0.0265625
0 0.1015625 0.39921875 0.1546875 0.103125
0 0.059375 0.57734375 0.0171875 0.0265625
0 0.125 0.57578125 0.0515625 0.0359375
0 0.125 0.45625 0.04375 0.0375
0 0.203125 0.6484375 0.109375 0.1140625
0 0.1875 0.54765625 0.040625 0.025
0 0.278125 0.4234375 0.165625 0.096875
0 0.2734375 0.1921875 0.2015625 0.10625
0 0.2359375 0.5671875 0.0265625 0.0328125
0 0.3421875 0.6734375 0.15625 0.0765625
0 0.3109375 0.546875 0.11875 0.053125
0 0.340625 0.6140625 0.046875 0.03125
0 0.38671875 0.578125 0.0515625 0.05625
0 0.4453125 0.4765625 0.1484375 0.140625
0 0.4734375 0.55546875 0.1046875 0.0546875
0 0.540625 0.5484375 0.0359375 0.034375
0 0.5125 0.21796875 0.0640625 0.0703125
0 0.54296875 0.5265625 0.040625 0.0515625
0 0.56796875 0.50390625 0.0203125 0.021875
0 0.60546875 0.5515625 0.034375 0.028125
0 0.6078125 0.5734375 0.0265625 0.01875
0 0.59921875 0.475 0.028125 0.028125
0 0.6 0.52109375 0.0140625 0.025
0 0.64296875 0.5265625 0.0765625 0.0890625
0 0.66875 0.60234375 0.046875 0.04375
0 0.66640625 0.58515625 0.0171875 0.01875
0 0.7046875 0.63828125 0.0765625 0.0546875
0 0.80234375 0.653125 0.0828125 0.0515625
0 0.771875 0.50625 0.0234375 0.025
0 0.8109375 0.59375 0.0671875 0.046875
0 0.784375 0.5203125 0.0265625 0.0265625
0 0.8375 0.49453125 0.115625 0.05
0 0.8140625 0.47109375 0.0203125 0.01875
0 0.86953125 0.4296875 0.10625 0.04375
0 0.87265625 0.45703125 0.0265625 0.028125
0 0.9265625 0.48515625 0.0625 0.0375
0 0.93984375 0.528125 0.0265625 0.034375
0 0.93828125 0.23828125 0.0703125 0.06875
0 0.984375 0.49921875 0.03125 0.0390625