0 0.515625 0.6296875 0.13125 0.0625
0 0.0171875 0.5109375 0.0203125 0.025
0 0.1171875 0.3515625 0.1453125 0.0859375
0 0.053125 0.5234375 0.0140625 0.025
0 0.11875 0.5296875 0.0484375 0.0296875
0 0.1328125 0.4109375 0.040625 0.0328125
0 0.1875 0.6109375 0.096875 0.103125
0 0.184375 0.509375 0.0390625 0.0203125
0 0.2890625 0.396875 0.1578125 0.078125
0 0.3125 0.1671875 0.1921875 0.0828125
0 0.2296875 0.534375 0.0234375 0.0296875
0 0.321875 0.653125 0.15 0.059375
0 0.30625 0.5234375 0.1140625 0.0390625
0 0.328125 0.59375 0.04375 0.0265625
0 0.378125 0.5640625 0.0453125 0.0515625
0 0.4484375 0.4703125 0.134375 0.125
0 0.4671875 0.5515625 0.1 0.0421875
0 0.534375 0.553125 0.0328125 0.03125
0 0.546875 0.221875 0.05625 0.0640625
0 0.5390625 0.53125 0.0359375 0.046875
0 0.5671875 0.5125 0.01875 0.0203125
0 0.5984375 0.5640625 0.03125 0.025
0 0.5984375 0.5859375 0.025 0.015625
0 0.6015625 0.4875 0.025 0.025
0 0.596875 0.5328125 0.0109375 0.0234375
0 0.6390625 0.54375 0.0671875 0.08125
0 0.6546875 0.621875 0.0421875 0.0390625
0 0.6546875 0.6046875 0.015625 0.0171875
0 0.6859375 0.6625 0.071875 0.046875
0 0.78125 0.6890625 0.078125 0.0421875
0 0.76875 0.5390625 0.0203125 0.0234375
0 0.796875 0.63125 0.0625 0.0390625
0 0.7796875 0.5546875 0.0234375 0.0234375
0 0.8359375 0.5359375 0.1125 0.0359375
0 0.815625 0.509375 0.01875 0.0171875
0 0.875 0.475 0.103125 0.03125
0 0.875 0.503125 0.0234375 0.025
0 0.925 0.5375 0.059375 0.03125
0 0.9328125 0.58125 0.0234375 0.03125
0 0.9671875 0.29375 0.0640625 0.0609375
0 0.98125 0.559375 0.028125 0.0359375